;pmRApmDEcor;PlxpmRAcor;PlxpmDEcor;Nper;RA_ICRS;e_RA_ICRS;DE_ICRS;e_DE_ICRS;Source;Plx;e_Plx;pmRA;e_pmRA;pmDE;e_pmDE;RUWE;Gmag;e_Gmag;BPmag;e_BPmag;RPmag;e_RPmag;BPRP;RVDR2;e_RVDR2;EBPRP;RFG;RFBP;RFRP;Pmemb;mass;er_mass;comp_mass;er_comp_mass
0;0.1781;0.0369;-0.0932;20;62.46579784826;0.0586;49.5084335716;0.0351;247305767394323328;0.5876;0.0719;1.204;0.075;-3.744;0.058;0.964;17.1245;0.002829;17.939396;0.010283;16.228239;0.004482;1.711157;;;1.303;1689.697;109.696;309.537;0.99;1.047132084209081;0.006523385875806964;0.32927803710677833;0.2828634354926166
1;0.2053;0.0371;-0.0911;20;62.46362706733;0.0158;49.50974338956;0.0095;247305767394323072;0.688;0.0192;1.378;0.02;-3.801;0.016;0.983;14.207019;0.002761;14.606714;0.002901;13.627979;0.002886;0.978735;;;1.219;6365.067;1366.636;1475.096;1.0;2.1056770379513914;0.0017997931483633152;0.0;0.0
2;0.1988;0.0874;-0.0786;19;62.48890661297;0.0259;49.51009994079;0.0167;247305664315101696;0.6978;0.0333;1.368;0.033;-3.743;0.027;1.214;15.118539;0.002767;15.745663;0.003162;14.334358;0.002913;1.411304;;;1.274;4239.691;729.421;1299.034;1.0;1.4774248031150474;0.02733851141858623;1.1949048619994505;0.046455142248311626
3;0.0425;0.2415;-0.1978;18;62.4584881141;0.172;49.50983519689;0.0977;247305763092523392;0.7812;0.222;1.383;0.226;-3.636;0.162;0.979;18.821924;0.003186;19.824247;0.055933;17.845976;0.015522;1.978271;;;1.322;678.795;19.435;71.106;0.97;0.7622941803916303;0.003293672390231341;0.0;0.10341892847702513
4;0.2242;0.0513;-0.0368;20;62.47581649965;0.0144;49.4956749702;0.0092;247305561235897728;0.6885;0.018;1.372;0.019;-3.656;0.015;1.05;14.079969;0.002761;14.449677;0.002871;13.531702;0.002822;0.917975;;;1.213;6324.335;1604.865;2557.511;1.0;2.1908492749393673;0.0021464273395457303;0.0;0.0
5;0.2463;0.1087;-0.0231;20;62.48603454291;0.0308;49.49587404635;0.0194;247305595595632640;0.7354;0.0384;1.345;0.041;-3.768;0.032;1.035;15.91044;0.002774;16.552738;0.003693;15.124843;0.003023;1.427896;;;1.269;3353.597;448.743;934.022;1.0;1.343710182437561;0.0012873525693502077;0.0;0.0
6;0.2384;0.1109;0.0347;19;62.47587168583;0.0127;49.49345196222;0.0078;247305561235899392;0.6422;0.0161;1.561;0.016;-3.495;0.013;1.096;13.172105;0.00276;13.567883;0.002837;12.593764;0.002821;0.974119;;;1.221;7111.35;2110.926;2600.138;0.66;2.7151106550783703;0.1250665076301317;1.556827076783448;0.27085591677330156
7;0.2421;0.0394;-0.0645;20;62.46980259994;0.0205;49.520600274;0.0128;247305870473530368;0.7229;0.0262;1.417;0.027;-3.808;0.021;1.059;14.971285;0.002764;15.496454;0.003293;14.263142;0.002895;1.233313;;;1.255;4986.349;620.874;1405.26;0.99;1.6668609762427917;0.008631307436248303;0.5253484153271941;0.3586874222575346
8;0.2079;0.0266;-0.0872;20;62.46206500121;0.0582;49.51860298859;0.0361;247305767394318592;0.7449;0.0743;1.395;0.074;-3.647;0.059;0.998;17.163023;0.002831;17.928541;0.011702;16.307751;0.004116;1.62079;;;1.284;1668.49;95.537;358.875;1.0;1.0453201359352722;0.001760102504242212;0.0;0.04368642967995684
9;0.2459;0.0207;-0.0651;19;62.45292438646;0.013;49.50805696886;0.0082;247305767394325376;0.6932;0.0166;1.232;0.017;-3.379;0.013;0.944;13.707002;0.00276;14.082795;0.002868;13.151078;0.002819;0.931717;;;1.215;6810.104;1632.427;2698.418;0.72;2.4600617740474306;0.0016672873605946493;0.0;0.0
10;0.2675;0.057;-0.0852;19;62.49854268379;0.0423;49.5097888255;0.0265;247305698674838144;0.7002;0.0553;0.986;0.054;-3.69;0.045;1.003;16.432886;0.002792;17.160788;0.005094;15.593944;0.003569;1.566844;;;1.283;2409.369;254.76;487.783;0.89;1.2037065212592466;0.004060829607226503;0.0;0.2744468251849088
11;0.1947;-0.0363;-0.043;20;62.49369089996;0.0146;49.5174120006;0.0088;247305698674836224;0.7018;0.0188;1.246;0.019;-3.54;0.015;1.068;13.967842;0.00276;14.35803;0.002912;13.397786;0.002833;0.960244;;;1.218;6582.216;1301.87;2223.635;1.0;2.2685524960227457;0.0015861397134519838;0.0;0.04279053619451941
12;0.2711;0.0144;-0.0432;20;62.44980217762;0.0122;49.50881220062;0.0079;247305767394325760;0.7085;0.0156;1.224;0.016;-3.715;0.013;1.0;13.587683;0.00276;14.016158;0.002852;12.980607;0.002826;1.035551;;;1.225;7069.283;1838.251;2430.153;1.0;2.3431917287048956;0.08506639040513345;1.560523967139234;0.14113278841982516
13;0.2357;0.0616;-0.02;20;62.48962932534;0.0123;49.49370802224;0.008;247305595595632768;0.713;0.0155;1.318;0.016;-3.674;0.013;1.102;12.221695;0.002759;12.571273;0.002825;11.691551;0.002802;0.879722;;;1.211;7430.424;2444.215;4304.49;1.0;3.5321639618852085;0.0009329103296046919;0.0;0.0
14;0.2442;0.0259;-0.056;20;62.44877268284;0.0178;49.5034800498;0.0117;247305767394330368;0.6771;0.0231;1.318;0.023;-3.661;0.019;1.219;14.446062;0.002772;14.72738;0.012838;13.634449;0.020857;1.092931;;;1.449;3582.123;86.646;52.528;1.0;1.9863704639925048;0.018407986700954358;0.9523932946206799;0.19457142397386132
15;0.1732;-0.0628;-0.0743;20;62.49825752369;0.0294;49.5158199359;0.0179;247305698674835968;0.714;0.0379;1.197;0.038;-3.686;0.03;0.994;15.758818;0.002771;16.384594;0.004666;14.982312;0.003108;1.402282;;;1.268;3641.677;290.328;792.851;1.0;1.3891898204144715;0.0012859901039952322;0.0;0.03697797785904856
16;0.2707;0.0252;-0.0472;20;62.45965432651;0.0105;49.52152187843;0.0067;247305836113794304;0.7489;0.0136;1.26;0.014;-3.752;0.011;0.883;12.739791;0.002779;13.074346;0.003108;12.22376;0.003089;0.850586;;;1.21;2979.553;792.794;819.678;1.0;3.1882873309821282;0.0015957948469138153;0.0;0.0
17;0.2272;0.0258;-0.1572;20;62.50077865889;0.0275;49.50203654624;0.0173;247305595595627136;0.6921;0.0363;1.281;0.035;-4.003;0.03;1.068;15.662879;0.002772;16.319576;0.003747;14.864296;0.003039;1.45528;;;1.274;3550.929;434.026;900.696;0.86;1.3937807865852303;0.011201649223024312;0.7940281692973662;0.09252631031415265
18;0.1723;0.1048;-0.1263;18;62.44812379749;0.0234;49.50334831576;0.017;247305767387099520;0.7866;0.032;1.25;0.029;-3.734;0.028;1.236;14.678396;0.00283;15.227996;0.011222;13.920914;0.004138;1.307082;;;1.283;1686.064;99.891;355.28;0.99;1.6264887694683232;0.023435105383784016;1.3478944648700306;0.03425809456063009
19;0.1893;0.0452;-0.0677;20;62.49111861935;0.059;49.52196633233;0.0378;247305904833265152;0.7709;0.0744;0.93;0.076;-3.882;0.061;1.024;17.225128;0.002868;17.987503;0.010496;16.354296;0.004918;1.633207;;;1.298;1363.389;107.305;268.127;0.64;1.0347490104534645;0.0018771228623663122;0.0;0.0431902872060137
20;0.2079;0.28;-0.0222;18;62.47055551403;0.0323;49.4852903205;0.0188;247305492516428416;0.7431;0.0417;1.462;0.043;-3.731;0.03;1.046;15.736907;0.002775;16.356607;0.00375;14.955306;0.003715;1.401301;;;1.274;3294.284;433.338;442.678;0.99;1.397181458471879;0.0014528647491484584;0.0;0.06892942777492252
21;0.1338;0.2044;-0.0455;19;62.47488850669;0.0169;49.48455078669;0.0103;247305492509213952;0.8226;0.0213;1.259;0.022;-3.648;0.017;1.274;11.553981;0.002768;12.470099;0.002833;10.608305;0.002797;1.861794;-15.18;0.39;1.318;4159.355;2208.682;5711.311;0.77;3.8268535285658127;0.009397506298052838;1.6455464159971753;0.14366933680326407
22;0.2253;0.0451;0.0246;19;62.4359754718;0.0537;49.50892719765;0.0368;247305801754068992;0.6591;0.069;1.329;0.07;-3.817;0.059;1.04;16.960598;0.002834;17.763803;0.00686;16.07391;0.003811;1.689894;;;1.299;1634.898;173.257;418.335;0.99;1.0764969565622937;0.007898296660171259;0.5140636228689117;0.2206067867691624
23;0.2372;0.005;-0.056;20;62.44226667734;0.0139;49.52147889487;0.0088;247305836113798144;0.6891;0.0178;1.263;0.018;-3.882;0.014;1.0;14.021996;0.002763;14.36431;0.003956;13.397894;0.004287;0.966416;;;1.277;5424.462;387.132;333.591;0.99;2.2538764741867423;0.0020420015729937365;0.0;0.0
24;0.2152;0.0073;-0.116;20;62.47364389493;0.0584;49.53318961556;0.0369;247305939193001856;0.6827;0.0751;1.057;0.076;-4.051;0.061;1.054;17.129597;0.002829;17.901516;0.007873;16.266855;0.00401;1.634661;;;1.288;1688.024;147.484;376.922;0.53;1.0523490439735177;0.0016965267105757769;0.0;0.03067635924195749
25;0.208;0.0585;-0.0348;20;62.51225720519;0.0171;49.49715167234;0.0111;247304874033861504;0.7807;0.0215;1.197;0.022;-3.791;0.018;1.21;11.021551;0.002763;11.368303;0.002812;10.4866;0.002797;0.881703;;;1.216;5263.224;3089.894;5395.992;0.98;3.8744689677679993;0.07241533795307922;3.5122846884991037;0.4330622754566262
26;0.181;0.1665;-0.0651;19;62.43878781567;0.0155;49.49461247373;0.0092;247305733034599552;0.6856;0.02;1.402;0.02;-3.811;0.015;1.133;13.940188;0.002759;14.404748;0.002872;13.297511;0.002841;1.107237;;;1.234;7893.964;1594.047;2029.418;0.99;2.0423593656882524;0.06207585186167103;1.5339796441055285;0.08459079199477888
27;0.1821;0.1269;-0.0301;20;62.51639657614;0.0268;49.49704386354;0.018;247304874041120512;0.6942;0.0349;1.116;0.034;-3.546;0.028;2.237;12.890025;0.002761;13.25911;0.002887;12.33446;0.002844;0.92465;;;1.218;5926.271;1463.034;1972.168;0.97;3.077969449597453;0.005327031279765578;0.0;0.3057809471512253
28;0.2274;0.0254;-0.0779;20;62.47269362517;0.0489;49.53592961265;0.0313;247305939193000960;0.6176;0.0619;1.416;0.063;-3.949;0.051;0.94;16.845606;0.002808;17.559797;0.006696;16.011421;0.003894;1.548376;;;1.283;2001.71;178.358;399.665;0.77;1.1123505969296965;0.0019453085442328768;0.0;0.030033584870331965
29;0.2235;0.0096;-0.0835;20;62.47346794747;0.0771;49.53662917699;0.0493;247305939193000576;0.7784;0.0975;1.295;0.099;-3.73;0.081;0.955;17.686411;0.002865;18.570843;0.024463;16.764879;0.006577;1.805964;;;1.305;1384.865;44.673;182.284;0.99;0.9403521894922207;0.004352025461487172;0.0;0.2117709714607925
30;0.1655;0.1538;-0.0651;19;62.47202979363;0.0169;49.47686500084;0.0103;247305492516434048;0.7472;0.0214;1.469;0.022;-3.703;0.017;1.105;14.244887;0.00276;14.65135;0.00299;13.638851;0.00354;1.012499;;;1.234;6519.294;1010.538;498.275;0.99;2.0847174200936838;0.0015190798431098055;0.0;0.0
31;0.2425;0.103;-0.0381;20;62.49526122633;0.0151;49.47969003809;0.0094;247304839681396736;0.6934;0.0191;0.999;0.02;-3.661;0.016;1.038;14.131644;0.00276;14.654099;0.002918;13.440537;0.002825;1.213561;;;1.244;7058.833;1268.728;2470.673;0.89;1.7692466176971908;0.03693417120061924;1.656028337240394;0.040011741550431454
32;0.2086;0.2505;-0.0046;19;62.48896673258;0.0186;49.47781228019;0.0109;247304736602184192;0.7093;0.0234;1.359;0.024;-3.699;0.018;1.006;14.460931;0.00276;14.910883;0.002969;13.834103;0.002844;1.07678;;;1.229;6472.006;1070.931;1974.615;1.0;1.941268302703814;0.0049994854844662385;0.0;0.3007194226521284
33;0.195;0.0969;-0.0613;20;62.4281520121;0.0733;49.512843932;0.046;247305801754068480;0.7053;0.0932;1.138;0.095;-3.742;0.073;1.041;17.542921;0.002853;18.340906;0.014147;16.666235;0.006079;1.674671;;;1.292;1463.719;78.284;201.014;0.99;0.972130349574664;0.002448602995991373;0.0;0.044937262750480086
34;0.2227;-0.0082;-0.1245;20;62.49966790702;0.0423;49.53393107304;0.0272;247305904833259136;0.5611;0.0549;1.422;0.055;-3.862;0.046;1.059;16.566759;0.00281;17.280777;0.007004;15.722031;0.003805;1.558746;;;1.292;1969.69;169.007;419.567;0.72;1.1746708974101228;0.0018980602043416736;0.0;0.09407108715602437
35;0.1447;0.1627;-0.1357;19;62.51595447312;0.0752;49.49017306947;0.042;247304874041124224;0.719;0.092;1.236;0.093;-3.896;0.07;0.934;17.434803;0.002856;18.215946;0.010483;16.577951;0.004939;1.637995;;;1.28;1447.487;107.445;266.425;0.98;0.9924143948588657;0.0023028561146671337;0.0;0.023030134354118128
36;0.1966;0.1157;-0.1044;19;62.4230403871;0.0114;49.50355554523;0.007;247305801754074752;0.7056;0.0153;1.423;0.015;-3.63;0.012;0.964;13.173929;0.002759;13.55917;0.00286;12.603967;0.002812;0.955203;;;1.22;8069.509;1725.711;3086.787;1.0;2.8181679975720897;0.05632661605354672;1.0699024265656778;0.44624359529899665
37;0.196;0.0109;-0.1422;19;62.48349055824;0.0976;49.5406879253;0.0627;247305973552735616;0.7346;0.1271;1.379;0.128;-3.726;0.104;1.005;18.120628;0.002927;18.996889;0.021275;17.205915;0.009777;1.790974;;;1.301;1098.16;51.479;115.866;0.99;0.8701102684993498;0.0024633518209146717;0.0;0.07083230798608876
38;0.2025;0.162;-0.0955;19;62.43001802803;0.0283;49.48907845451;0.0173;247304255565856512;0.7151;0.0372;1.619;0.037;-3.561;0.028;1.957;14.073525;0.002763;14.57642;0.002919;13.390498;0.002838;1.185922;;;1.246;5184.794;1266.48;2097.576;0.89;1.8143211828752432;0.04200802540462276;1.6684108682228922;0.0466693815668065
39;0.1509;0.0388;-0.0429;20;62.52790891772;0.0287;49.51650118902;0.0187;247306007912476032;0.7865;0.0368;1.392;0.037;-3.616;0.031;0.952;15.802037;0.002772;16.44426;0.003838;15.017627;0.003021;1.426633;;;1.268;3628.721;411.978;937.927;0.99;1.3753697538607224;0.0012294551170089136;0.0;0.05063803231563532
40;0.1714;0.0598;-0.1049;19;62.49189172995;0.0935;49.54119999617;0.0523;247305973552733952;0.7808;0.1138;1.318;0.123;-3.89;0.088;1.026;17.812887;0.002917;18.674015;0.015457;16.924646;0.006589;1.749369;;;1.282;1134.264;71.415;181.906;0.98;0.919897392193948;0.0020301614487973265;0.0;0.06316704033217636
41;0.3241;-0.0929;-0.1956;20;62.46427965136;0.0259;49.54266325821;0.0177;247308894130499072;0.752;0.0341;1.24;0.035;-3.564;0.03;1.006;15.550694;0.002767;16.150141;0.00422;14.796602;0.002979;1.353539;;;1.261;4244.083;342.982;1040.323;0.99;1.454685561964657;0.0013375014337513528;0.0;0.025508186430402154
42;0.1603;0.1248;-0.0784;19;62.41848446549;0.0254;49.51090342408;0.0157;247308756691570944;0.69;0.0328;1.323;0.033;-3.726;0.026;0.945;15.432297;0.002768;16.018824;0.003504;14.686698;0.002993;1.332126;;;1.259;4181.255;512.25;1003.605;1.0;1.4948523694958222;0.0013063887583964037;0.0;0.0
43;0.191;0.1981;-0.0485;20;62.50323591979;0.0731;49.47477347183;0.0442;247304770961920768;0.8015;0.0899;1.205;0.094;-3.753;0.073;0.983;17.483341;0.002915;18.38151;0.015087;16.545038;0.006439;1.836472;;;1.316;1141.402;73.228;187.086;0.99;0.9501299644136799;0.02308566225516285;0.652749942806052;0.07632774769871402
44;0.1296;0.1993;-0.1253;19;62.49795815466;0.0455;49.47299831061;0.0278;247304770961923328;0.7151;0.0584;1.366;0.06;-3.654;0.047;0.973;16.644203;0.002796;17.36648;0.007662;15.809558;0.004068;1.556922;;;1.281;2294.701;152.155;366.763;1.0;1.1554251564107592;0.0013715579927905536;0.0;0.04828992895193842
45;0.1986;0.0351;-0.0787;20;62.52928208176;0.0202;49.52184507042;0.013;247306007912473856;0.721;0.026;1.341;0.026;-3.538;0.022;0.995;15.028223;0.002764;15.533958;0.003179;14.348042;0.002918;1.185916;;;1.243;4936.19;713.077;1270.508;1.0;1.651629875069907;0.0015199822607527775;0.0;0.0
46;0.1772;0.0742;-0.0516;19;62.43599706199;0.0161;49.47733767147;0.0099;247304049409092096;0.7289;0.0213;1.371;0.022;-3.744;0.016;1.011;14.210283;0.002764;14.698985;0.002888;13.550488;0.00285;1.148497;;;1.235;5082.231;1455.612;1861.551;1.0;1.9268975761412432;0.023136457180505055;1.3655707427986963;0.03917017925414344
47;0.2324;-0.0299;-0.0902;20;62.44352323344;0.0524;49.54089700926;0.0333;247308791051288192;0.7387;0.0667;1.167;0.069;-3.708;0.055;0.997;17.040249;0.002816;17.776339;0.008199;16.197748;0.003857;1.57859;;;1.283;1866.616;140.826;407.645;0.99;1.0718380762754558;0.0019279372270247146;0.0;0.043738228828165006
48;0.1078;0.1925;-0.1683;18;62.43851395505;0.1174;49.47459722729;0.0711;247304045105541760;0.7841;0.156;1.514;0.155;-3.818;0.115;0.984;18.284698;0.003024;19.414757;0.029753;17.259069;0.008107;2.155687;;;1.339;872.089;36.653;142.636;0.97;0.783482799131733;0.02049909072094729;0.6711219274595429;0.03810783486943484
49;0.339;-0.0749;-0.1236;19;62.42090437249;0.0283;49.5281023071;0.0204;247308825411037440;0.7056;0.0371;1.417;0.039;-3.829;0.035;1.195;15.349637;0.002766;15.935264;0.003334;14.603982;0.003002;1.331282;;;1.259;4468.695;595.007;980.879;0.99;1.5236138797498098;0.0013243001861200576;0.0;0.10584230413108602
50;0.3669;-0.0815;-0.1818;19;62.42199357425;0.0251;49.52951841434;0.0175;247308825411036288;0.7113;0.0323;1.181;0.034;-3.733;0.03;0.969;15.420176;0.002775;16.002836;0.003495;14.677797;0.003019;1.325039;;;1.258;3329.63;515.866;941.68;1.0;1.4993178788140775;0.0012858729464442873;0.0;0.0
51;0.1859;0.0881;-0.0997;20;62.53614679367;0.0711;49.49658267587;0.046;247305183278761984;0.725;0.0915;1.434;0.093;-3.691;0.076;1.022;17.505341;0.002865;18.338377;0.012092;16.620943;0.005269;1.717434;;;1.287;1380.384;92.28;242.928;0.99;0.9772062716499345;0.0017128659510501842;0.0;0.07282027946873589
52;0.2012;0.0975;-0.0765;20;62.52534876042;0.0151;49.48137051165;0.0093;247304805321649280;0.7016;0.019;1.327;0.02;-3.75;0.016;0.939;14.180161;0.002762;14.574263;0.002908;13.606204;0.002828;0.968059;;;1.219;5802.201;1326.418;2369.752;1.0;2.1235747741504842;0.0019750297181817863;0.0;0.0
53;0.1729;0.1079;-0.085;19;62.49050461347;0.1045;49.46654695114;0.0593;247304667882715264;0.6459;0.1326;1.363;0.128;-3.444;0.098;3.394;15.822024;0.002873;16.586676;0.004117;14.913817;0.003153;1.672858;;;1.33;1331.6;358.614;739.301;0.96;1.2126116555823039;0.022171370793142218;1.130447786322708;0.02850874744849616
54;0.1947;0.1227;-0.0665;19;62.43929438014;0.0174;49.47220599756;0.0106;247304049407433856;0.7097;0.0227;1.299;0.023;-3.728;0.017;0.995;14.46683;0.002774;14.928819;0.003358;13.782784;0.003343;1.146034;;;1.264;3368.322;581.222;589.504;1.0;1.8711322309736746;0.016298462481948085;1.119385469622923;0.048591326179652644
55;0.1723;0.0284;-0.0931;20;62.53453278467;0.0291;49.52371109029;0.0192;247306007912472192;0.704;0.0375;1.164;0.037;-3.778;0.032;1.008;15.840399;0.002773;16.471075;0.004012;15.060378;0.003548;1.410697;;;1.269;3484.545;376.646;495.395;1.0;1.3646906168517732;0.00132666891963157;0.0;0.032508852941253163
56;0.1355;0.0074;-0.0217;20;62.53920584512;0.0447;49.5010177118;0.0285;247305183278759680;0.7391;0.0575;1.087;0.06;-3.831;0.047;1.001;16.623581;0.002796;17.349724;0.00585;15.776824;0.004111;1.5729;;;1.29;2274.27;211.139;359.57;0.98;1.1602271149161216;0.0017049264300742792;0.0;0.10449797087588492
57;0.2437;-0.0034;-0.088;20;62.48812053472;0.012;49.54933005206;0.0076;247305973552732160;0.6854;0.0153;1.119;0.016;-3.671;0.013;1.015;13.466357;0.002761;13.800929;0.00285;12.953148;0.002811;0.847781;;;1.208;6015.806;1873.585;3148.899;0.99;2.6422548423648333;0.0022866581449393474;0.0;0.0
58;0.3669;-0.125;-0.2011;19;62.45254265112;0.0137;49.54883841997;0.0093;247308962849975168;0.6752;0.018;1.568;0.019;-3.738;0.016;0.982;13.888379;0.00276;14.266345;0.002873;13.330482;0.002852;0.935863;;;1.216;6512.744;1585.357;1835.0;0.91;2.325815632715352;0.0017413078298682586;0.0;0.0
59;0.1669;0.1381;-0.0895;19;62.41763054553;0.0327;49.4819964847;0.0201;247304255565863808;0.7102;0.0431;1.258;0.043;-3.697;0.032;1.01;15.918596;0.002776;16.656454;0.004153;15.066923;0.003212;1.589531;;;1.29;3218.453;352.95;682.214;1.0;1.2111675212358126;0.02993444302272885;1.0739179098816878;0.04431382568381151
60;0.1932;0.1408;-0.0535;19;62.45469523144;0.0121;49.46392644339;0.0073;247305458156708224;0.6991;0.0155;1.269;0.016;-3.737;0.012;1.029;13.292651;0.00276;13.793793;0.002891;12.613187;0.002814;1.180606;;;1.244;6686.253;1433.698;2967.255;1.0;2.58180465646726;0.025501940010488975;1.6525405567804126;0.05555916663105685
61;0.1147;0.182;-0.068;19;62.44977057072;0.0584;49.46429268403;0.0358;247305458156709120;0.7142;0.0757;1.484;0.075;-3.728;0.057;1.046;17.078152;0.002853;17.886;0.008356;16.197115;0.005099;1.688885;;;1.292;1464.67;137.838;254.405;0.99;1.0594087266980852;0.004506561450677493;0.0;0.25156677110882286
62;0.1509;0.1417;-0.1091;19;62.4044421065;0.0388;49.51120800215;0.0239;247307279222824704;0.7046;0.0506;1.125;0.051;-3.729;0.039;0.999;16.306181;0.002792;16.982714;0.004815;15.50272;0.003519;1.479994;;;1.271;2409.969;276.694;506.44;0.99;1.2380190556624147;0.0014011569904170149;0.0;0.05021683221392414
63;0.105;0.2463;-0.1789;18;62.40197434717;0.1134;49.50795936994;0.0685;247307274921005568;0.6604;0.1544;1.067;0.152;-3.698;0.11;0.98;18.212986;0.002991;19.112223;0.02745;17.290649;0.009071;1.821573;;;1.301;932.701;39.759;125.792;0.98;0.8546407943395948;0.002551066406632605;0.0;0.05269801533979388
64;0.2785;0.0522;-0.0628;20;62.40625432319;0.0232;49.52335129461;0.015;247307347942294272;0.6862;0.0299;1.105;0.031;-3.467;0.024;1.014;15.24936;0.002767;15.881455;0.003288;14.466332;0.002926;1.415123;;;1.271;4204.727;624.07;1230.37;0.72;1.4775838046993421;0.017446051004994273;1.0704626264368284;0.042526603986735814
65;0.1858;0.1838;-0.0822;19;62.5008215738;0.0179;49.46259092501;0.011;247304770961929856;0.7139;0.0232;1.354;0.023;-3.773;0.018;1.006;14.538083;0.002761;15.035244;0.002934;13.865107;0.002876;1.170137;;;1.241;6370.246;1195.648;1554.263;1.0;1.8186607741025804;0.015295553505409542;1.11660223441845;0.04623113294319312
66;0.2401;0.1708;-0.0387;20;62.52751604356;0.0347;49.47326746745;0.0211;247304599163224704;0.6264;0.0442;1.238;0.046;-3.741;0.036;0.985;16.107332;0.002779;16.749878;0.004562;15.323005;0.003363;1.426873;;;1.268;2977.002;300.788;578.552;0.99;1.2911730293933419;0.0014114066227533973;0.0;0.035810419960288775
67;0.2095;0.1395;-0.0345;20;62.52183379038;0.0144;49.46924604036;0.0087;247304564803489280;0.7319;0.018;1.409;0.019;-3.918;0.015;1.215;11.796396;0.002766;12.159801;0.002828;11.244368;0.002801;0.915434;;;1.219;4430.736;2359.276;4443.876;0.96;3.6704330985977434;0.07546123399631745;2.1793363268526345;0.5924026456319952
68;0.1665;-0.0382;-0.1236;19;62.46782035876;0.1063;49.55579625086;0.0673;247308924188550656;0.7283;0.1384;1.479;0.145;-3.588;0.11;1.02;18.252726;0.002989;19.051744;0.024718;17.27013;0.015991;1.781614;;;1.388;937.44;44.208;68.953;0.98;0.8560822575679085;0.0033790068351873485;0.0;0.07452900464601571
69;0.1242;0.1744;-0.0591;19;62.45155127178;0.0198;49.46023008784;0.0117;247305458156711424;0.7453;0.0247;1.239;0.026;-3.599;0.019;0.95;14.720603;0.002761;15.228535;0.003063;14.043028;0.002862;1.185507;;;1.24;5999.404;859.695;1707.846;1.0;1.7564463582995034;0.012258666364935398;0.9524215477790663;0.05984314077400112
70;0.1461;0.0697;-0.1219;20;62.40081028479;0.0887;49.51960593256;0.0553;247307343640507264;0.6392;0.1143;1.054;0.12;-3.782;0.09;1.007;17.882404;0.002904;18.769503;0.024215;16.955006;0.006833;1.814497;;;1.309;1185.094;45.138;174.075;0.97;0.9086693509288704;0.0019729548397167344;0.0;0.0999350827506242
71;0.22;0.0593;-0.0601;20;62.55191714216;0.0489;49.50501330831;0.0321;247305213336703232;0.7068;0.063;1.287;0.065;-3.873;0.052;1.017;16.875013;0.00281;17.593813;0.00726;16.035007;0.003652;1.558805;;;1.287;1966.102;162.002;460.841;0.99;1.106740419841347;0.0018325372072942679;0.0;0.0
72;0.2713;-0.0531;-0.0763;20;62.42758132314;0.0106;49.54677952467;0.0068;247308859770765568;0.7632;0.0137;1.505;0.014;-3.51;0.011;0.979;13.080691;0.00276;13.451936;0.002839;12.526488;0.002809;0.925447;;;1.216;6857.553;2075.478;3319.44;0.92;2.934865315809605;0.0012954049035944358;0.0;0.058237652996577856
73;0.1254;0.0397;-0.0744;20;62.53905410788;0.074;49.53552219466;0.0471;247306042272207360;0.6326;0.091;1.168;0.095;-3.708;0.077;1.005;17.574362;0.002859;18.516788;0.019007;16.626263;0.005597;1.890526;;;1.312;1426.431;57.747;223.769;0.99;0.9108339939718049;0.02619421433761022;0.7132321604660286;0.06214137403034667
74;0.26;-0.0619;-0.08;20;62.46268092768;0.0116;49.55699762308;0.0076;247308962849970560;0.7422;0.0151;1.201;0.015;-3.736;0.013;1.047;10.663913;0.00276;11.65996;0.002823;9.684179;0.002801;1.97578;-15.2;0.18;1.328;7059.063;2516.653;4474.49;1.0;4.078311677443818;0.009373200708549401;0.44276256826925176;0.9718569705284658
75;0.149;0.1532;-0.0982;19;62.42714719163;0.0122;49.46628699903;0.0069;247304045105027712;0.749;0.015;1.195;0.016;-3.81;0.012;1.044;12.317262;0.002758;12.799595;0.002839;11.655512;0.002803;1.144083;;;1.239;9103.67;2068.649;4035.808;0.99;3.406983327963444;0.02010136463998126;1.6863675615996214;0.12394528958615063
76;0.1283;0.1739;-0.0983;19;62.43118895942;0.0156;49.46438312245;0.0087;247304049407440384;0.7165;0.0188;1.357;0.02;-3.667;0.014;0.95;13.892252;0.002759;14.416001;0.002897;13.196656;0.002835;1.219345;;;1.247;7882.248;1389.953;2161.882;1.0;1.9883076027525113;0.04046417336100514;1.6629007388284038;0.0478691669508978
77;0.1697;0.0123;-0.083;19;62.55189649037;0.113;49.52168131747;0.0711;247305282056211968;0.7724;0.143;1.781;0.145;-3.454;0.116;1.005;18.278969;0.003006;19.242933;0.026725;17.309937;0.008537;1.932997;;;1.326;903.301;40.849;134.569;0.57;0.8422086200410418;0.004726726909655507;0.0;0.1825599859387032
78;0.165;0.1695;-0.093;19;62.51615483598;0.0229;49.46140333464;0.0137;247304560501598464;0.7179;0.0288;1.321;0.03;-3.617;0.023;1.033;15.130725;0.002765;15.684342;0.003172;14.381309;0.002901;1.303034;;;1.275;4638.909;719.28;1364.481;1.0;1.5910991381112114;0.010806048817682734;0.7818930773209766;0.19038601090955212
79;0.1852;0.0501;-0.0681;20;62.55605555123;0.0294;49.51495621667;0.0193;247305286357966080;0.7845;0.0376;1.14;0.038;-3.662;0.032;1.01;15.859368;0.002772;16.531626;0.003924;15.051887;0.003011;1.479739;;;1.276;3549.621;393.609;958.609;0.98;1.3463381680605406;0.009185660400115484;0.5430631446001305;0.305647926368509
80;0.105;0.1591;-0.084;19;62.408061084;0.0309;49.47612375857;0.019;247304221206130816;0.6927;0.039;1.466;0.04;-3.509;0.031;0.993;15.736776;0.002774;16.430092;0.003382;14.915553;0.003022;1.514539;;;1.28;3394.09;568.004;936.087;0.98;1.3273935553687468;0.02081237977756996;0.9676191426828641;0.0588588299483539
81;0.0958;0.1895;-0.116;19;62.45617000396;0.0195;49.45441403569;0.0108;247304702242468992;0.6848;0.0234;1.234;0.025;-3.82;0.018;1.065;14.436296;0.002764;15.01656;0.003087;13.694117;0.00289;1.322443;;;1.259;4987.211;822.362;1444.447;1.0;1.6196193641107393;0.02570026058960614;1.545461639191092;0.02861539722868721
82;0.1403;0.1876;-0.061;19;62.43132536675;0.0324;49.46068778724;0.0197;247303980687965824;0.691;0.0413;0.936;0.042;-3.77;0.031;1.027;15.903188;0.002773;16.650814;0.005285;15.067147;0.004031;1.583667;;;1.273;3464.873;241.864;373.163;0.71;1.2131463987032445;0.028887314079400147;1.074897812828076;0.043519848386250636
83;0.2006;-0.0233;-0.1162;20;62.52108466109;0.0249;49.55257483369;0.0162;247306317150111232;0.7242;0.0326;1.132;0.033;-3.93;0.028;1.014;15.472239;0.002769;16.09687;0.00321;14.699149;0.003051;1.397721;;;1.266;3937.778;683.809;879.123;0.97;1.4673543868271155;0.00882920696169889;0.620214455274312;0.279832887711096
84;0.2438;0.1183;-0.1106;20;62.53843523467;0.0217;49.47154715689;0.0137;247304599163222144;0.7523;0.0279;1.372;0.028;-3.509;0.023;1.028;15.031081;0.002766;15.538308;0.003126;14.350593;0.00297;1.187716;;;1.242;4539.992;769.789;1065.691;0.99;1.6503292236531706;0.0013947688987463174;0.0;0.0
85;0.1602;0.0502;-0.0571;20;62.55879302435;0.0387;49.50600525777;0.0259;247305217638492800;0.6538;0.0492;1.223;0.05;-3.47;0.043;0.981;16.4212;0.002787;17.116619;0.00472;15.581492;0.003674;1.535127;;;1.294;2594.874;285.239;454.362;0.97;1.211263412665804;0.0014672055016374092;0.0;0.08275878644916965
86;0.1328;0.1977;-0.0835;18;62.52494515413;0.1751;49.46127447014;0.1066;247304560501597184;0.6687;0.2182;1.432;0.238;-3.736;0.18;0.979;18.961058;0.003195;20.016809;0.042137;17.978411;0.0112;2.038399;;;1.315;671.264;25.824;100.095;0.97;0.7468327825939544;0.001482952222612674;0.0;0.01898680669343416
87;0.1886;-0.0099;-0.1112;20;62.51938412565;0.0339;49.55632454283;0.0219;247306317150109440;0.6563;0.0438;1.226;0.044;-3.703;0.037;0.943;16.153475;0.002788;16.908234;0.004891;15.300727;0.003259;1.607507;;;1.285;2558.358;270.249;644.778;1.0;1.1872865965477397;0.02916910777338937;0.9645625754118705;0.055966363342905744
88;0.1367;0.1298;-0.0764;19;62.40478352363;0.0169;49.47230609691;0.0103;247304221206133888;0.7296;0.0215;1.465;0.022;-3.691;0.017;1.067;14.19293;0.002761;14.681438;0.002898;13.52713;0.002835;1.154308;;;1.24;6255.178;1384.302;2150.485;1.0;1.9152828087677591;0.02409233109342711;1.4093118985446877;0.03804534194395513
89;0.1759;0.0979;-0.1105;19;62.39085531771;0.0198;49.48710601472;0.0124;247304289925605504;0.741;0.0262;1.56;0.026;-3.644;0.021;0.995;14.814034;0.002763;15.294601;0.002966;14.158925;0.002877;1.135676;;;1.235;5344.92;1079.726;1546.08;0.97;1.7495155287787634;0.0013830157762278511;0.0;0.02838321859305951
90;0.1662;0.0018;-0.0986;19;62.56274746856;0.0697;49.49567883257;0.042;247305011480066304;0.6851;0.0875;1.119;0.087;-3.399;0.071;1.017;17.353378;0.002868;18.147171;0.014359;16.507307;0.005005;1.639864;;;1.267;1363.725;77.082;261.332;0.73;1.0069100828305757;0.002009829478156105;0.0;0.0
91;0.1931;0.0038;-0.1563;19;62.47202406286;0.0953;49.56525386983;0.0612;247308992908037760;0.6608;0.1231;1.198;0.125;-3.768;0.099;0.98;18.03986;0.002939;18.943954;0.019802;17.143564;0.008928;1.80039;;;1.276;1060.922;55.382;128.022;0.99;0.8803961028468763;0.0020164803249826412;0.0;0.0502588543377254
92;0.2272;-0.0171;-0.1237;20;62.50523839643;0.0178;49.56191366777;0.0115;247306351509847936;0.7269;0.0236;1.375;0.023;-3.811;0.02;0.988;14.713564;0.002761;15.174829;0.003009;14.080009;0.002887;1.09482;;;1.229;6201.601;963.973;1465.698;1.0;1.8005124358475828;0.0016268172767685326;0.0;0.0
93;0.4523;-0.1031;-0.2557;18;62.55402183896;0.0239;49.47967240189;0.0164;247304977120336896;0.739;0.0324;1.169;0.032;-3.92;0.03;1.053;15.122626;0.002775;15.647043;0.003203;14.425336;0.002935;1.221707;;;1.247;3262.202;690.693;1193.319;0.99;1.6125427113294513;0.0014520809364339715;0.0;0.03213031228831566
94;0.1547;0.1872;-0.1305;18;62.38507207721;0.0546;49.51348148968;0.0329;247307313582567424;0.7198;0.0711;1.306;0.071;-3.605;0.054;0.986;16.914295;0.00282;17.637403;0.009345;16.083549;0.004301;1.553854;;;1.277;1809.824;121.743;331.677;1.0;1.097599639284661;0.00197687768122121;0.0;0.03307960654722787
95;0.1086;0.2182;-0.1201;19;62.49866954389;0.0684;49.4503418225;0.0415;247304461724292352;0.7272;0.0881;1.449;0.09;-3.608;0.068;0.956;17.378756;0.002892;18.211132;0.011442;16.486374;0.00591;1.724758;;;1.294;1234.337;97.843;208.412;0.99;1.00179423352127;0.002125141467667599;0.0;0.12618447183532558
96;0.2073;0.0023;-0.0571;19;62.53827609769;0.0151;49.54993430813;0.0097;247306110991678592;0.7283;0.0202;1.171;0.019;-3.596;0.017;1.119;14.071648;0.002765;14.488225;0.002864;13.455331;0.002844;1.032894;;;1.237;4614.154;1685.423;1969.616;0.99;2.174318556696677;0.017405035673491803;0.7982723972018444;0.36459575804989447
97;0.1564;0.1282;-0.1236;19;62.38303326314;0.0744;49.50368743339;0.0475;247307313582573440;0.647;0.0976;1.103;0.099;-3.504;0.078;1.004;17.532034;0.002897;18.333868;0.014541;16.656124;0.004976;1.677744;;;1.29;1212.378;76.08;263.534;0.94;0.9739860737357574;0.0021631098708302502;0.0;0.04652067166578658
98;0.3746;-0.1558;-0.2988;18;62.45900783505;0.0185;49.56601839199;0.0122;247308962849969280;0.7637;0.024;1.254;0.025;-3.585;0.022;0.99;14.573915;0.002761;15.008437;0.002942;13.961205;0.002863;1.047233;;;1.226;6317.68;1163.372;1693.117;0.98;1.8778728345766171;0.0016090130965926513;0.0;0.0
99;0.1614;0.1227;-0.0715;19;62.40417529331;0.0205;49.4676752517;0.0126;247304221206136576;0.7442;0.0266;1.256;0.027;-3.7;0.021;0.984;14.876693;0.002762;15.420465;0.003024;14.166255;0.002894;1.25421;;;1.249;5584.53;932.049;1409.991;1.0;1.6694532033170364;0.01198042146618395;0.987185469773381;0.052948138448784786
100;0.3285;-0.0917;-0.2831;18;62.3820302837;0.0633;49.49750219634;0.0417;247307244863101184;0.7493;0.0847;1.331;0.09;-3.666;0.073;0.966;17.126221;0.002832;17.886477;0.008176;16.279209;0.004253;1.607267;;;1.278;1659.029;141.273;338.188;1.0;1.0530156959787262;0.001827540372374621;0.0;0.03518598102306196
101;0.2183;0.1734;-0.0254;18;62.46770030517;0.0117;49.44605444752;0.0073;247304633522994432;0.7094;0.0153;1.354;0.015;-3.418;0.012;0.997;13.1928;0.002759;13.652557;0.002859;12.552004;0.002809;1.100554;;;1.234;7488.261;1742.154;3342.907;0.96;2.6787989192447883;0.029353860347121907;1.6510866192956914;0.07030241841566559
102;0.0834;0.1814;-0.0987;19;62.39044031644;0.0181;49.4796475065;0.0102;247304289925609984;0.6647;0.0218;1.216;0.023;-3.93;0.017;0.959;14.313431;0.002761;14.794621;0.002942;13.654757;0.002852;1.139864;;;1.238;6360.011;1163.729;1833.327;0.96;1.9184995680213326;0.017665383817936805;1.2393785205555174;0.03943390072720294
103;0.1595;0.0468;-0.0964;20;62.57022207747;0.0824;49.51541037281;0.0519;247305316415939072;0.7316;0.1045;1.341;0.11;-3.783;0.086;0.942;17.771067;0.002909;18.665987;0.016049;16.863605;0.005789;1.802382;;;1.289;1163.527;68.697;214.039;0.99;0.9258187469268881;0.0025468033459627912;0.0;0.1384408742214627
104;0.0972;0.1479;-0.1248;18;62.39335941652;0.1387;49.4738754206;0.0866;247304285623707648;0.5989;0.1841;1.193;0.188;-3.462;0.14;1.024;18.515949;0.003065;19.519567;0.030588;17.573643;0.010909;1.945925;;;1.29;808.533;35.644;102.955;0.95;0.8058264073250446;0.0027693892342574933;0.0;0.09444505767232865
105;0.2121;-0.0937;-0.1163;20;62.51763835007;0.0187;49.56442764837;0.012;247306385869583872;0.7462;0.0251;1.243;0.025;-3.748;0.02;0.949;14.782578;0.002763;15.271547;0.002959;14.12123;0.002906;1.150317;;;1.236;5408.429;1103.657;1335.611;1.0;1.7641534786060618;0.0016962210516045446;0.0;0.13463724320473303
106;0.1444;0.0886;-0.0632;20;62.38218277772;0.0623;49.52873726997;0.0394;247307554100727168;0.5681;0.0806;1.149;0.081;-3.824;0.063;0.982;17.341366;0.002837;18.246683;0.009392;16.426746;0.004627;1.819937;;;1.292;1606.735;121.067;294.187;0.97;0.969893765471047;0.02119859498329515;0.6953452104245865;0.05982577467428686
107;0.1845;0.1324;-0.0828;20;62.55256775092;0.0177;49.46547205948;0.0109;247304908400867712;0.7287;0.0228;1.482;0.023;-3.808;0.018;1.003;14.563682;0.002761;15.004973;0.003004;13.945543;0.002881;1.05943;;;1.227;5966.817;976.075;1512.829;0.99;1.882825046091397;0.0016367592234374053;0.0;0.0
108;0.2047;-0.0809;-0.1005;20;62.49519370015;0.0215;49.57117130687;0.0137;247309306447345792;0.7525;0.0284;1.241;0.029;-3.581;0.023;0.992;15.142116;0.002763;15.67905;0.003219;14.435265;0.002891;1.243786;;;1.249;5136.449;676.651;1434.039;0.99;1.6041548323490165;0.0013242954364911536;0.0;0.0
109;0.2229;0.001;-0.0642;20;62.44688595276;0.015;49.57047070747;0.0094;247309169008399616;0.7018;0.0192;1.064;0.02;-3.676;0.016;1.148;12.936072;0.00276;13.340973;0.002872;12.349374;0.002808;0.991599;;;1.222;6464.258;1592.719;3406.511;0.98;2.90968677591664;0.03600302903721914;1.660991150735341;0.11202745458091598
110;0.1328;0.0715;-0.1554;18;62.37296985907;0.0526;49.5006873867;0.0319;247307313582578304;0.7142;0.0689;1.183;0.07;-3.691;0.053;0.972;16.838547;0.002817;17.572203;0.005788;15.998734;0.004058;1.573468;;;1.281;1850.423;214.115;368.462;1.0;1.1128637963401686;0.0016238941282690604;0.0;0.04633066730008443
111;0.1173;-0.002;0.0024;20;62.43356021818;0.0177;49.56839913362;0.0111;247309169008401280;0.7359;0.0233;1.22;0.023;-3.68;0.018;0.997;14.723202;0.002761;15.215058;0.003036;14.047162;0.002959;1.167896;;;1.246;6302.451;907.14;1100.663;1.0;1.7728671663617133;0.011901636917839487;0.8110794501119254;0.22836422261891595
112;0.19;0.1532;-0.0377;19;62.46142350284;0.0159;49.44041321482;0.0091;247303156054248832;0.6965;0.0199;1.406;0.02;-3.6;0.015;0.972;14.038154;0.002759;14.540572;0.002845;13.361357;0.002831;1.179215;;;1.242;7196.059;1951.743;2263.293;1.0;1.8402479636655869;0.046463587542825424;1.6742330666121377;0.05237180236585763
113;0.2135;-0.0931;-0.0976;20;62.48603912785;0.0146;49.57454619957;0.0092;247309375166822784;0.7186;0.0194;1.223;0.02;-3.82;0.016;0.939;14.149075;0.00276;14.616231;0.002978;13.50566;0.002854;1.110571;;;1.233;6899.037;1044.06;1815.975;1.0;2.016968768600329;0.02125647912940802;1.286957640117575;0.04539216062359919
114;0.2788;-0.0566;-0.1806;19;62.57932496091;0.0211;49.4991399638;0.0135;247305011480354176;0.715;0.028;1.289;0.028;-3.704;0.023;0.965;15.079449;0.002765;15.611903;0.003445;14.37896;0.002984;1.232944;;;1.247;4748.92;537.263;1027.14;1.0;1.6289675305971902;0.0013397529743506022;0.0;0.05193790873842419
115;0.233;-0.035;-0.0514;20;62.53099624145;0.0129;49.56488163686;0.0086;247306317150105216;0.7271;0.0171;1.346;0.016;-4.001;0.014;0.992;13.769488;0.002761;14.174577;0.00285;13.182437;0.002832;0.99214;;;1.222;6322.92;1862.651;2250.943;0.83;2.3939008540272373;0.017291123286780705;0.6582807840447183;0.4659608774069093
116;0.2098;0.0333;-0.0921;20;62.57828779042;0.0228;49.49364572395;0.0149;247305011480064256;0.6837;0.0292;1.252;0.03;-3.807;0.024;1.035;15.301475;0.002764;15.859073;0.003255;14.580876;0.00295;1.278196;;;1.251;4962.632;648.03;1132.041;1.0;1.5424765229735402;0.0014479378292725697;0.0;0.0
117;0.0605;0.1727;-0.1183;18;62.40895013472;0.1107;49.45329185051;0.0698;247304015047713152;0.8213;0.1468;0.848;0.145;-3.839;0.115;1.012;18.16733;0.002947;19.144844;0.030383;17.206327;0.008025;1.938517;;;1.315;1038.545;35.886;144.291;0.6;0.8553083224607534;0.008872590938490538;0.22138056179588028;0.24971028289708097
118;0.1134;-0.0294;0.0142;20;62.38974038333;0.0706;49.54808886605;0.0414;247307622820190592;0.7898;0.0898;1.168;0.091;-3.748;0.066;0.993;17.473291;0.002873;18.304379;0.011323;16.601635;0.00499;1.702744;;;1.277;1332.239;98.943;262.481;0.99;0.9825403178210047;0.0018532477510808255;0.0;0.07514583706184642
119;0.0086;0.2786;-0.224;17;62.49350974734;0.1232;49.43918103705;0.0684;247304457422345344;0.7775;0.1531;1.513;0.158;-3.567;0.117;0.97;18.219635;0.002988;19.274534;0.028078;17.240122;0.009264;2.034412;;;1.312;940.137;38.861;122.904;0.97;0.8170206119804364;0.021324150962288083;0.6052760062696079;0.07694986946252874
120;0.216;0.0653;-0.1202;20;62.57238077002;0.0381;49.47802505574;0.0245;247304942760594176;0.6511;0.048;1.291;0.049;-3.701;0.04;0.983;16.348186;0.002789;17.07469;0.004494;15.510692;0.003346;1.563998;;;1.282;2502.852;308.234;588.085;1.0;1.2182410678872473;0.007931927899328098;0.4632662149201308;0.2952326374418606
121;0.401;-0.1533;-0.3111;18;62.58228526934;0.0567;49.5062012928;0.0399;247305114559552384;0.7305;0.0753;1.31;0.078;-3.678;0.07;1.037;17.014013;0.002835;17.770302;0.006975;16.164536;0.003998;1.605766;;;1.282;1625.815;169.854;379.104;1.0;1.0760996611248501;0.0017717849723532038;0.0;0.03635740740536556
122;0.1158;0.1706;-0.0671;19;62.43430512577;0.0439;49.44252216324;0.0274;247303190413991936;0.697;0.0559;1.281;0.056;-3.641;0.044;0.955;16.546543;0.002806;17.293283;0.00766;15.609847;0.006187;1.683436;;;1.362;2041.794;152.19;196.621;1.0;1.1089507561752352;0.02983914382207472;0.8918139229324121;0.06437123700976305
123;0.2307;0.0202;-0.079;19;62.53428103761;0.0116;49.44851128177;0.0071;247304496084023040;0.7588;0.0149;1.142;0.016;-3.724;0.012;0.944;12.744079;0.002759;13.175399;0.00286;12.133101;0.002804;1.042298;;;1.226;7731.922;1729.989;3906.348;0.99;3.0694050840011515;0.030752226098319898;1.6884078512917704;0.11406779854341598
124;0.1645;0.1121;-0.0672;20;62.56889027084;0.0116;49.47242795604;0.0072;247304908400860672;0.6972;0.0145;1.02;0.015;-3.665;0.012;0.965;12.634673;0.002759;12.948044;0.002824;12.145377;0.00281;0.802667;;;1.204;8101.526;2490.462;3286.342;0.95;3.2618961644769255;0.0018729417298882394;0.0;0.0
125;0.2299;-0.0196;-0.0801;20;62.45235336372;0.0158;49.57618942729;0.0101;247309169008397440;0.6991;0.0207;1.254;0.021;-3.831;0.017;1.006;14.426023;0.00276;14.848424;0.002987;13.826497;0.002894;1.021927;;;1.223;6615.552;1018.657;1412.565;1.0;1.9652867262851081;0.001848334573650857;0.0;0.0
126;0.1336;0.1932;-0.0431;19;62.46664626098;0.031;49.43610649576;0.0192;247304633522999296;0.7808;0.0396;1.322;0.04;-3.809;0.031;1.189;15.446862;0.002794;16.022678;0.010897;14.612442;0.005101;1.410236;;;1.334;2332.412;103.072;254.276;0.99;1.4708326121087993;0.012881693460806917;0.854134026059376;0.07615988776265568
127;0.1443;-0.0902;-0.0828;19;62.47068541472;0.0861;49.57825722907;0.0555;247309203368131456;0.7883;0.1135;1.347;0.118;-3.439;0.092;0.974;17.862366;0.003156;18.745691;0.02132;16.959171;0.007786;1.78652;;;1.289;705.763;51.368;149.377;0.95;0.9109240790961266;0.001992898174711547;0.0;0.0694817331860159
128;0.1978;0.0709;-0.0847;18;62.37351970314;0.0175;49.47682253551;0.0108;247307141784133760;0.7172;0.0236;1.172;0.023;-3.635;0.018;0.993;14.466508;0.002778;14.923557;0.003055;13.831646;0.003116;1.091911;;;1.231;3072.046;872.185;783.204;1.0;1.9246155795059405;0.012118335209222125;0.6408901725011285;0.36379770198592903
129;0.126;0.1889;-0.094;19;62.43202395426;0.0925;49.44003470402;0.0578;247303190413994240;0.7184;0.1172;1.482;0.12;-3.886;0.092;1.028;17.904001;0.002953;18.817852;0.020126;16.96558;0.008385;1.852272;;;1.312;1023.34;54.474;137.302;0.96;0.9025235070555695;0.00502989958462286;0.0;0.20836532706615477
130;0.1233;0.1627;-0.0876;18;62.48405419667;0.0432;49.43448449163;0.024;247304427364566912;0.7347;0.0529;1.477;0.053;-3.89;0.04;1.058;16.301275;0.002787;17.099596;0.004669;15.409262;0.00352;1.690334;;;1.305;2611.583;290.016;506.089;0.96;1.1102815242927118;0.025821847866834464;1.013827547768748;0.040077553956060344
131;0.1817;0.1903;-0.049;19;62.45178038997;0.0234;49.43570790562;0.0143;247303156054253824;0.7662;0.0299;1.516;0.031;-3.588;0.023;1.008;15.185789;0.002766;15.788368;0.003383;14.428093;0.003094;1.360275;;;1.262;4417.056;567.496;811.709;0.98;1.5366609914444596;0.011451718848725865;0.9662751393637863;0.048696933111232715
132;0.1459;0.1283;-0.0728;19;62.40081549347;0.0391;49.45227061382;0.0241;247303911968500224;0.7689;0.0509;1.496;0.05;-3.738;0.039;1.066;16.160912;0.002781;16.928883;0.004416;15.293905;0.003343;1.634977;;;1.293;2906.687;317.148;589.522;0.99;1.1515205128547117;0.028158749283916876;1.025550839901993;0.04350370492813038
133;0.0942;0.2402;-0.1545;18;62.46152830716;0.136;49.43397410442;0.0835;247303151754546304;0.7662;0.1796;0.77;0.178;-3.897;0.136;0.997;18.525721;0.003138;19.413158;0.037082;17.411514;0.01182;2.001644;;;1.495;722.595;29.362;94.53;0.51;0.8095817564061488;0.012743952807188257;0.22032948767118957;0.2542232948970387
134;0.2079;-0.0498;-0.0394;20;62.54393833629;0.0192;49.565622477;0.0126;247306420229318912;0.7058;0.025;1.221;0.025;-3.62;0.021;1.039;14.924289;0.002764;15.461089;0.003161;14.219349;0.002905;1.24174;;;1.248;4857.777;730.46;1344.868;1.0;1.6694925300778483;0.010074723855846148;0.8622374666884517;0.09601087774584009
135;0.0143;0.2451;-0.1715;18;62.50401221185;0.1811;49.43541521344;0.1081;247304388702861184;0.783;0.2313;1.362;0.242;-3.421;0.184;1.019;18.860641;0.003245;19.878275;0.05739;17.905647;0.012373;1.972628;;;1.298;633.278;18.941;90.068;0.92;0.7565792356697113;0.0028802873819075685;0.0;0.07916203467027377
136;0.1031;0.2022;-0.1017;19;62.54286422152;0.0405;49.4473196702;0.0234;247292779413238144;0.5207;0.0502;1.285;0.053;-3.745;0.039;1.019;16.30212;0.002786;17.024876;0.006059;15.463136;0.003418;1.56174;;;1.284;2644.885;201.891;550.179;0.72;1.2268468348128545;0.009743740843596178;0.5436768736001837;0.2663734060676509
137;0.105;0.1296;-0.0463;19;62.36001794185;0.0729;49.50133976169;0.046;247307210503366016;0.7127;0.0959;1.208;0.096;-3.771;0.075;1.02;17.489801;0.002865;18.309273;0.012645;16.617374;0.005379;1.691898;;;1.281;1382.294;88.029;236.089;0.99;0.9800807320854164;0.0020535868616317595;0.0;0.06752859226319191
138;0.1544;-0.0208;-0.1059;19;62.57457677887;0.157;49.54488136288;0.0977;247306141049714048;0.8037;0.2022;1.203;0.21;-3.419;0.162;1.028;18.802679;0.00343;19.85603;0.041052;17.795967;0.01615;2.060062;;;1.339;531.624;26.509;68.255;0.91;0.7637890440308652;0.004545634938168511;0.0;0.17089128086424968
139;0.1881;-0.0165;-0.114;20;62.48881760953;0.0826;49.58149799933;0.0517;247309370865199744;0.7551;0.1068;1.262;0.108;-3.756;0.084;1.0;17.830154;0.003107;18.746525;0.016742;16.906702;0.006355;1.839823;;;1.297;755.613;65.771;190.172;0.99;0.9140648111809945;0.00473564435006705;0.0;0.22108362764402506
140;0.2341;0.1349;-0.0776;20;62.57460599379;0.0561;49.46906469053;0.0363;247293191730077696;0.8018;0.0696;1.513;0.072;-3.369;0.059;1.035;16.952816;0.002825;17.705935;0.01222;16.108641;0.00445;1.597294;;;1.278;1739.539;91.262;313.159;0.63;1.088425716232421;0.0016948850047277656;0.0;0.0675740516757835
141;0.1453;0.1538;-0.1069;19;62.40775019321;0.0724;49.44567882602;0.0444;247303843249026048;0.6184;0.0938;1.41;0.094;-3.878;0.072;0.958;17.46847;0.002864;18.401829;0.018952;16.529999;0.005725;1.87183;;;1.306;1388.137;57.92;217.186;0.96;0.9225811144260055;0.02824550811798127;0.7407865369237014;0.059772384488458216
142;0.2638;0.0707;-0.1508;18;62.49812396353;0.0148;49.43252210555;0.0092;247304393004826368;0.7136;0.0195;1.173;0.019;-3.628;0.016;0.954;13.733247;0.00276;14.25513;0.002876;13.04171;0.002818;1.21342;;;1.244;7074.219;1558.443;2770.931;1.0;2.1383640596455846;0.03642286229663746;1.6682096956377332;0.052224208310174734
143;0.1301;0.1896;-0.0543;19;62.43820341486;0.0305;49.43441932718;0.0188;247303190413995776;0.7425;0.039;1.422;0.04;-3.704;0.03;1.061;15.699781;0.002777;16.438078;0.004235;14.845658;0.00325;1.59242;;;1.292;3130.167;340.861;651.431;1.0;1.237234512937709;0.021963786235996735;1.1613770417178224;0.0275217914101722
144;0.1843;0.0532;0.0366;19;62.40868960302;0.0179;49.57066951682;0.0115;247309890562910080;0.664;0.0234;1.208;0.024;-3.657;0.018;0.964;14.783047;0.002761;15.285801;0.002983;14.107949;0.002885;1.177852;;;1.24;5915.446;1027.77;1477.212;1.0;1.748197181384631;0.010595892128394522;0.6996516272948985;0.2870238521278787
145;0.2331;-0.081;-0.1499;19;62.50352263073;0.1111;49.58174607625;0.074;247309336505482368;0.749;0.1465;1.642;0.147;-3.675;0.126;0.987;18.361496;0.003074;19.43515;0.031995;17.406809;0.010299;2.028341;;;1.284;796.296;34.065;109.512;0.94;0.8164240926793702;0.012102279760917356;0.37124091337410303;0.23704740537912802
146;0.1974;0.1304;0.0299;19;62.57307533776;0.0121;49.46391547075;0.0077;247293157370342144;0.7005;0.0149;1.22;0.016;-3.61;0.013;0.951;13.084342;0.002761;13.435361;0.002826;12.552546;0.002804;0.882815;;;1.212;6080.494;2427.237;3959.516;1.0;2.931977798493121;0.001552312309407212;0.0;0.0
147;0.1701;-0.0482;-0.0422;20;62.46252320202;0.0343;49.58425595218;0.0224;247309203368131072;0.7286;0.0454;1.212;0.046;-3.903;0.037;1.048;16.119722;0.002787;16.81525;0.004683;15.30234;0.00337;1.512911;;;1.276;2604.618;288.709;574.463;0.99;1.2843624775837368;0.003880617207074638;0.22813725183179204;0.293825899952728
148;0.2001;0.0175;-0.1147;18;62.52734566066;0.1548;49.57742053141;0.0992;247306385869580160;0.6126;0.2024;1.159;0.202;-3.516;0.159;1.043;18.798746;0.003224;19.920801;0.042095;17.7598;0.013772;2.161001;;;1.354;648.689;25.849;80.507;0.95;0.7588738091420442;0.007452175008649219;0.30632859554173236;0.21606010740765405
149;0.0655;0.2038;-0.1924;19;62.3562006829;0.0974;49.49300372103;0.0541;247307210503371648;0.537;0.1148;1.175;0.128;-3.557;0.09;0.99;17.774002;0.002888;18.751602;0.017715;16.814816;0.005437;1.936787;;;1.313;1253.036;62.064;232.679;0.97;0.8810065797802957;0.024429167996825832;0.6803421437997095;0.05862727610408464
150;0.1631;0.039;-0.0486;20;62.5904407126;0.0657;49.53077737002;0.0445;247305355077433984;0.6809;0.0836;1.358;0.087;-3.485;0.072;0.993;17.414204;0.002864;18.218199;0.012628;16.525694;0.005294;1.692505;;;1.3;1386.11;88.156;241.328;0.98;0.9969638897632406;0.0018742374185879394;0.0;0.07481937126313665
151;0.1442;0.1586;-0.126;19;62.51218204591;0.0214;49.43083910657;0.0125;247304393005047424;0.7343;0.0269;1.276;0.029;-3.552;0.021;0.989;14.865595;0.002771;15.373066;0.006449;14.082449;0.005149;1.290617;;;1.32;3712.819;186.744;250.912;0.99;1.6458352727141385;0.01397852341056698;1.1393811172822952;0.03594092791064631
152;0.1365;0.0682;0.0249;20;62.36388385906;0.0166;49.54186494516;0.0102;247308344374706048;0.7308;0.0219;1.331;0.021;-3.672;0.016;0.955;14.543724;0.002761;14.973006;0.002934;13.938022;0.002862;1.034985;;;1.224;6048.683;1197.952;1706.642;1.0;1.8948009815697515;0.0017063212868958738;0.0;0.0
153;0.0929;0.1705;0.0075;19;62.35325028146;0.0176;49.52045575392;0.0107;247307485381263360;0.7227;0.023;1.367;0.023;-3.687;0.017;0.986;14.609846;0.002762;15.106962;0.00299;13.941646;0.002863;1.165317;;;1.238;5755.964;1010.499;1693.394;1.0;1.8069269777574086;0.01309655913175052;1.0058770829458301;0.057117622219961695
154;0.0668;0.0134;0.0498;20;62.36663360245;0.0138;49.54631605657;0.0081;247308344374701568;0.7027;0.0173;1.331;0.019;-3.752;0.013;1.036;13.891384;0.002761;14.254202;0.002889;13.353442;0.002822;0.90076;;;1.21;6167.689;1448.021;2553.624;1.0;2.3230485170839286;0.0022498012000172324;0.0;0.0
155;0.2162;0.0755;-0.0979;20;62.58268428722;0.0126;49.46449588852;0.008;247293191730078336;0.6841;0.0164;1.443;0.016;-3.695;0.013;1.016;13.651104;0.002761;13.988883;0.002895;13.136997;0.002818;0.851886;;;1.207;6298.241;1407.686;2741.245;1.0;2.502230235184849;0.002416231596229892;0.0;0.0
156;0.1037;0.1217;-0.0155;19;62.35317083398;0.0436;49.52952001615;0.0249;247307485381256832;0.7203;0.0546;1.406;0.055;-3.514;0.04;0.983;16.450264;0.002787;17.139423;0.004572;15.627193;0.003369;1.51223;;;1.283;2574.284;299.812;574.78;0.99;1.203614382046292;0.0014239351668779649;0.0;0.04133065276542211
157;0.1112;0.1944;-0.1202;19;62.49291255343;0.0636;49.42568773323;0.0374;247304358645091840;0.6897;0.0801;1.371;0.082;-3.745;0.062;0.998;17.208105;0.002832;18.105339;0.01241;16.25985;0.004543;1.84549;;;1.326;1662.082;89.788;302.788;1.0;0.9504654661381324;0.028399585411582037;0.8224381659945561;0.04864711757156153
158;0.1571;0.0623;-0.0767;19;62.36793062509;0.1234;49.5511732631;0.0794;247308374432716672;0.6776;0.1614;1.149;0.161;-3.737;0.127;1.016;18.525795;0.003046;19.560324;0.032782;17.580919;0.009431;1.979404;;;1.285;836.801;33.24;120.516;0.98;0.8036389400000463;0.0030320139305103876;0.0;0.12290906774519711
159;0.2548;-0.0839;-0.0809;20;62.50272905712;0.016;49.58832737158;0.0109;247309405224199040;0.7513;0.0214;1.198;0.02;-3.701;0.018;1.353;11.696814;0.002768;12.017844;0.002829;11.190828;0.00281;0.827016;;;1.21;4166.986;2328.739;3272.184;1.0;3.470261922955223;0.04935329316898292;3.2858041647570793;0.07548392298758144
160;0.1248;0.134;-0.12;19;62.34909445098;0.0888;49.49096740288;0.056;247307171841763072;0.5949;0.1185;1.324;0.118;-3.439;0.093;1.078;17.751511;0.002889;18.62966;0.019419;16.852457;0.006519;1.777203;;;1.286;1252.21;56.498;184.292;0.95;0.9297892518116031;0.0018418240977530393;0.0;0.08382116094472071
161;0.1155;0.2068;-0.1593;18;62.36467637208;0.1826;49.46143022323;0.1085;247304148184732416;0.5689;0.2407;1.748;0.235;-3.736;0.174;0.962;18.971132;0.003363;20.043213;0.037982;17.947889;0.011638;2.095324;;;1.35;563.318;28.663;96.091;0.82;0.7465190984265694;0.001204273445430493;0.0;0.0
162;0.097;0.1787;-0.0554;19;62.44701490595;0.0891;49.42374772412;0.0511;247303121694523392;0.5137;0.1082;1.447;0.11;-3.746;0.081;0.996;17.69372;0.002888;18.695789;0.018028;16.662109;0.00868;2.03368;;;1.377;1255.823;60.961;132.092;0.94;0.8570788308107374;0.02217251224489579;0.7759736196534454;0.03494003900646495
163;0.1791;0.128;-0.1401;19;62.50051827914;0.0292;49.4221440896;0.0172;247292607614787456;0.7042;0.0378;1.314;0.038;-3.667;0.03;1.022;15.620245;0.00277;16.358986;0.004076;14.773944;0.003051;1.585042;;;1.285;3820.219;365.348;879.766;1.0;1.2590883698656679;0.025529144658380725;1.175792969149605;0.03390850125853618
164;0.177;0.0763;-0.068;19;62.36160727292;0.143;49.55339252759;0.0913;247308344374700032;0.6238;0.1859;1.229;0.191;-3.809;0.146;0.952;18.731405;0.003178;19.924536;0.036611;17.750656;0.011331;2.17388;;;1.28;685.698;29.743;98.863;0.98;0.7637254162587103;0.008872617250427308;0.3177269443752034;0.22588715961845846
165;0.0949;0.1201;-0.1734;18;62.34865603057;0.1693;49.47790501753;0.0987;247307171841737984;0.6493;0.2216;1.17;0.213;-3.826;0.162;1.003;18.742083;0.003241;19.842997;0.035112;17.748024;0.01106;2.094973;;;1.315;635.994;31.02;101.444;0.97;0.7680758315056763;0.007506102258335504;0.0;0.22093120894934593
166;0.0915;0.1763;0.0147;19;62.34090035091;0.0155;49.49557120599;0.0094;247307382302065536;0.6755;0.0204;1.304;0.02;-3.656;0.015;0.941;14.249773;0.00276;14.663589;0.00289;13.654258;0.002816;1.009331;;;1.224;6470.732;1442.795;2861.177;1.0;2.0777067140062475;0.0015417809906527183;0.0;0.0
167;0.2088;-0.0384;-0.0437;20;62.4695619034;0.029;49.59541001644;0.0191;247309650044725888;0.6755;0.0385;1.334;0.038;-3.57;0.032;1.227;15.404872;0.002772;16.027281;0.003469;14.618933;0.002972;1.408348;;;1.277;3626.223;526.822;1059.809;1.0;1.471205834081434;0.011464211141140617;0.8794847045591412;0.060036617559837115
168;0.2649;0.0553;0.0423;19;62.365969086;0.0617;49.560405532;0.0385;247308447453910016;0.6713;0.0785;1.087;0.081;-3.74;0.062;1.002;17.218758;0.002826;18.008173;0.007861;16.350195;0.004435;1.657978;;;1.287;1730.272;147.729;314.896;0.99;1.0341170165118438;0.001563439394932945;0.0;0.04773965913286808
169;0.0998;0.1328;-0.0957;19;62.34750146568;0.0603;49.53948529834;0.0376;247308344374710784;0.7882;0.0787;1.467;0.08;-3.672;0.062;1.054;17.182522;0.002845;18.042416;0.009965;16.258307;0.005393;1.784109;;;1.315;1534.919;113.494;235.238;0.99;1.004242080318368;0.021690002160406882;0.7111675048638152;0.06303990375041778
170;0.1535;0.1149;-0.1099;20;62.58660097727;0.0811;49.45532941007;0.0514;247293123010604416;0.7304;0.1024;1.427;0.105;-3.79;0.084;1.046;17.729109;0.002936;18.693466;0.016328;16.765354;0.006024;1.928112;;;1.321;1070.744;67.486;203.346;0.99;0.8881845414142141;0.02516957922735346;0.6875774121763253;0.06273000959621773
171;0.1684;0.0734;-0.1068;19;62.34644576619;0.0168;49.47561644184;0.0101;247307107424167552;0.7109;0.022;1.42;0.021;-3.747;0.017;1.066;14.14543;0.00276;14.582025;0.002893;13.52226;0.002884;1.059765;;;1.232;6588.553;1421.513;1487.171;1.0;2.0966949688420495;0.018984847598412787;1.0530448584924457;0.09276973619004403
172;0.1386;0.1466;-0.0838;19;62.48888299455;0.0463;49.41813757179;0.0273;247304358645097472;0.6872;0.0585;1.118;0.062;-3.792;0.045;0.953;16.61784;0.002796;17.409292;0.006241;15.744583;0.003447;1.664709;;;1.291;2296.155;194.486;536.411;0.99;1.1223699950119623;0.014652022075730024;0.7753955146622836;0.05281340628129153
173;0.3754;-0.1458;-0.277;18;62.49988778049;0.0613;49.59508053996;0.042;247309409526555008;0.7496;0.0795;1.127;0.084;-3.621;0.073;0.999;17.158943;0.002839;17.920591;0.009388;16.305716;0.006544;1.614876;;;1.283;1586.042;121.119;183.418;0.98;1.046242331156469;0.0019612565595377384;0.0;0.05032032366972782
174;0.0374;0.1854;-0.1836;18;62.56254743514;0.1301;49.4373603601;0.0764;247292706391822208;0.5106;0.166;1.309;0.178;-3.751;0.127;1.032;18.361271;0.003268;19.384499;0.040464;17.390377;0.009537;1.994122;;;1.312;617.987;26.896;119.047;0.97;0.8225223995985111;0.010865492181528427;0.2547554393697558;0.252140191851312
175;0.2427;-0.0623;-0.1341;20;62.50403774239;0.0296;49.59533901803;0.019;247309409526554624;0.7424;0.0389;1.353;0.038;-3.553;0.033;1.012;15.856379;0.002773;16.464417;0.003946;15.095395;0.003555;1.369021;;;1.263;3435.231;389.115;492.989;0.99;1.36087043103226;0.001814644256728839;0.0;0.0
176;0.1448;0.1718;-0.0619;19;62.54988650182;0.024;49.43113219083;0.0145;247292710693768832;0.6617;0.0307;1.369;0.031;-3.714;0.024;1.02;15.223001;0.002765;15.838401;0.003253;14.46001;0.003016;1.378391;;;1.261;4650.772;649.007;947.214;1.0;1.5159579552296907;0.01284783851211258;0.9834453086734755;0.049205625574431235
177;0.1921;-0.0188;-0.085;19;62.60419423852;0.1268;49.5422023613;0.083;247305350775736192;0.6384;0.1606;1.41;0.163;-3.863;0.133;0.976;18.552151;0.00305;19.492092;0.029366;17.587429;0.01036;1.904663;;;1.329;830.279;37.141;108.824;0.97;0.803557800777842;0.0035021755251589994;0.0;0.10794373772584064
178;0.2112;-0.0742;-0.0334;20;62.54417435054;0.0568;49.58636297183;0.0392;247306488950477568;0.6623;0.0755;1.409;0.074;-3.89;0.064;0.976;17.196669;0.002819;17.980717;0.006727;16.334438;0.004754;1.646278;;;1.284;1828.096;177.377;282.112;0.97;1.0382182954276604;0.0015946510175942783;0.0;0.03822356988454847
179;0.0829;0.2261;-0.1217;18;62.44460428783;0.1372;49.41775038608;0.0846;247302911234082688;0.5368;0.1795;1.274;0.18;-3.839;0.137;1.055;18.430428;0.003124;19.538464;0.037707;17.390318;0.009592;2.148146;;;1.358;737.374;28.874;118.311;0.96;0.7778157345011025;0.015732277715470526;0.6263452887841998;0.04108098983036353
180;0.1716;0.084;-0.0981;20;62.60064500387;0.0743;49.46496175809;0.0474;247293118708728704;0.7884;0.0929;1.369;0.097;-3.452;0.076;1.031;17.586494;0.002871;18.46092;0.014118;16.680538;0.005127;1.780382;;;1.294;1345.839;78.45;252.392;0.95;0.9596946337403309;0.003538582048353578;0.0;0.1723857421778324
181;0.1032;0.1891;-0.028;19;62.44058548578;0.0292;49.4173248165;0.0186;247303121694526336;0.7343;0.0382;1.326;0.038;-3.802;0.03;1.064;15.61026;0.002774;16.356825;0.003857;14.754845;0.003047;1.60198;;;1.29;3414.81;407.807;887.261;1.0;1.2618929691009215;0.025151264984496415;1.1781786874736904;0.0334242981069085
182;-0.0273;0.2875;-0.1816;17;62.3284604414;0.2023;49.50299980541;0.107;247307446719688064;0.6122;0.2474;1.107;0.261;-3.808;0.172;1.069;18.895359;0.003211;19.965908;0.047605;17.897879;0.012521;2.068029;;;1.325;658.604;22.846;88.948;0.95;0.7526705396194896;0.00231325242431052;0.0;0.0926201774365297
183;0.3197;-0.0221;-0.1686;19;62.32873980038;0.1036;49.51481273381;0.0683;247307451021534080;0.619;0.1315;1.309;0.152;-3.883;0.116;0.988;17.980145;0.002945;18.891359;0.017332;17.049049;0.006223;1.84231;;;1.306;1042.905;63.472;195.205;0.97;0.891259960015586;0.0022735474293519;0.0;0.12621582697562184
184;0.0851;0.1667;-0.0607;19;62.32793106283;0.0351;49.49965611627;0.0212;247307451021542912;0.6897;0.0455;1.283;0.045;-3.76;0.034;0.978;16.108383;0.002777;16.782944;0.004409;15.298463;0.003213;1.484481;;;1.277;3122.485;317.984;681.465;1.0;1.2902080922181594;0.0011147963082338722;0.0;0.07670705578182188
185;0.1941;0.0305;-0.0361;20;62.3862317982;0.0687;49.58381052693;0.0431;247309924922646912;0.6637;0.0876;1.407;0.092;-3.557;0.07;1.008;17.534786;0.002864;18.372673;0.010925;16.615808;0.00513;1.756865;;;1.317;1392.513;102.791;252.215;0.99;0.97286244810006;0.0029514812619491192;0.0;0.15175470914102743
186;0.1842;-0.0096;-0.0858;20;62.55441857401;0.0396;49.58813558669;0.0244;247306523308529408;0.7786;0.0504;1.203;0.05;-3.755;0.04;1.009;16.347912;0.002793;17.062536;0.004493;15.517508;0.003485;1.545029;;;1.28;2361.257;308.358;519.913;0.99;1.2254305149724658;0.0032882644434945;0.0;0.23819325837506103
187;0.1197;0.1987;-0.0525;19;62.41849751141;0.0463;49.41824818453;0.0287;247303018616952064;0.6498;0.0594;1.438;0.06;-3.587;0.045;0.981;16.618433;0.002817;17.452364;0.006964;15.701934;0.003853;1.75043;;;1.315;1848.161;170.163;408.705;0.99;1.0460292311713473;0.024059354965204983;0.9535330175915661;0.036950940092247364
188;0.1017;0.0231;0.0115;20;62.6230106264;0.078;49.50355924397;0.0492;247293324867225472;0.7087;0.091;1.392;0.096;-3.604;0.081;1.004;17.514446;0.002889;18.323408;0.012533;16.645145;0.006845;1.678263;;;1.282;1251.036;88.86;173.707;0.99;0.9764819666323157;0.002069371553582935;0.0;0.05197477477526419
189;0.17;0.1174;-0.0668;19;62.33958215006;0.0179;49.46750868531;0.0113;247306729468694144;0.6959;0.0235;1.247;0.023;-3.684;0.019;1.022;14.525146;0.002764;15.027097;0.002925;13.849929;0.002883;1.177168;;;1.241;5011.637;1234.604;1495.353;1.0;1.813184013747072;0.014073305788521616;1.1539813183272964;0.038963263187671196
190;0.1669;0.0287;0.0229;20;62.38185359645;0.0115;49.58238227706;0.0072;247309924922648320;0.6973;0.0151;1.303;0.015;-3.688;0.012;0.986;13.627081;0.002759;14.017193;0.002852;13.054482;0.002817;0.962711;;;1.22;7152.006;1832.967;2789.137;1.0;2.51984841218978;0.0026594844487690147;0.0;0.16817057846981562
191;0.2076;0.0694;-0.0608;19;62.62541806766;0.0215;49.50784757009;0.014;247305080199530752;0.6971;0.0264;1.343;0.028;-3.804;0.023;1.017;14.999537;0.002764;15.510123;0.003058;14.322594;0.002967;1.18753;;;1.238;4871.216;866.985;1077.038;1.0;1.6623430593404185;0.001350933929564266;0.0;0.0
192;0.176;0.1259;-0.1231;19;62.33082907726;0.0359;49.47522863055;0.0223;247306798186527104;0.7348;0.0467;1.271;0.047;-3.782;0.037;1.063;16.058018;0.002779;16.751583;0.00396;15.241414;0.003103;1.510169;;;1.276;3009.367;386.277;799.536;1.0;1.295627474078013;0.00616208244193134;0.39272165157177247;0.3229679994717677
193;0.061;0.1512;-0.0258;19;62.3293532571;0.0492;49.53723149886;0.0309;247308310014979456;0.7545;0.0654;1.476;0.068;-3.745;0.05;1.032;16.768112;0.002804;17.597317;0.006427;15.867273;0.003952;1.730043;;;1.303;2077.886;187.53;387.899;0.99;1.0550857138824696;0.0269686729869576;0.8545274295104527;0.05345001238635652
194;0.1603;-0.0265;0.047;19;62.40861981746;0.0223;49.59760585646;0.0134;247309959282379136;0.6911;0.0295;1.139;0.029;-3.887;0.021;0.965;15.154754;0.002764;15.733858;0.003075;14.415738;0.002908;1.31812;;;1.257;4999.563;839.61;1326.492;0.98;1.57009613561251;0.009722530740908432;0.8638617541941914;0.06557954596548345
195;0.0499;0.2459;-0.1066;19;62.32532139389;0.0785;49.53304040423;0.0461;247308310014983680;0.7751;0.1015;1.247;0.109;-3.712;0.074;0.986;17.628702;0.002851;18.499203;0.012154;16.710077;0.005897;1.789125;;;1.306;1485.634;91.786;209.007;0.99;0.9521438926692215;0.004359947241526689;0.0;0.19135502212738767
196;0.1351;0.0703;0.029;20;62.33613110773;0.0127;49.55283229754;0.008;247308310014968064;0.6683;0.0169;1.133;0.017;-3.468;0.013;1.043;12.894683;0.002759;13.301823;0.002837;12.305678;0.002806;0.996144;;;1.223;8141.88;2121.444;3706.588;0.88;2.941128766239475;0.039371968018123205;1.6782048072001803;0.1198440580873986
197;0.0395;0.2663;-0.1263;17;62.39858897164;0.0634;49.41873067465;0.0351;247303052975056512;0.7045;0.0826;1.34;0.077;-3.636;0.056;0.963;16.946224;0.002819;17.775223;0.00743;16.05615;0.004338;1.719072;;;1.293;1820.583;157.66;326.811;1.0;1.0593790183561633;0.01580483854355818;0.7066852612600542;0.0635792300307605
198;0.1512;0.1357;-0.1186;20;62.613384592;0.09;49.45837861246;0.0563;247293019931382144;0.6608;0.1132;1.092;0.117;-3.796;0.091;1.034;17.888893;0.002921;18.870274;0.0163;16.933916;0.006325;1.936357;;;1.308;1119.122;67.606;191.262;0.98;0.8729370990577074;0.02177803610170295;0.6285669533883983;0.07897293524774993
199;0.1195;0.1743;-0.1717;19;62.59835834441;0.1071;49.44287017498;0.067;247292912550263168;0.5925;0.1404;1.397;0.138;-3.594;0.113;1.039;18.165295;0.002969;19.096439;0.017242;17.219206;0.008303;1.877234;;;1.314;980.743;63.812;138.835;0.98;0.8613370295391444;0.0027655102452477276;0.0;0.1171628035313049
200;0.2294;0.1531;-0.0978;19;62.31625351164;0.0403;49.52086226996;0.0247;247308206935777920;0.7414;0.0529;1.438;0.057;-3.735;0.042;1.082;16.200211;0.002784;16.915466;0.004084;15.364594;0.003179;1.550873;;;1.284;2723.866;364.066;713.05;1.0;1.246828138548253;0.010515051684431825;0.7082279201546651;0.108915636809749
201;0.0425;0.3127;-0.1029;18;62.42356742355;0.0606;49.40838485806;0.033;247303018615318016;0.5972;0.0738;1.304;0.078;-3.61;0.053;1.017;16.895514;0.002824;17.685896;0.006903;16.014509;0.003788;1.671387;;;1.298;1755.971;171.944;423.842;0.99;1.0920290842512592;0.008102437564303025;0.4519617587985432;0.2662256166929131
202;0.0982;0.2061;-0.1557;19;62.59111442923;0.0909;49.43441902818;0.0566;247292882492447744;0.7792;0.1155;1.153;0.122;-3.685;0.092;1.008;17.911386;0.002949;18.879076;0.017989;16.971289;0.00649;1.907787;;;1.298;1032.737;61.095;185.284;0.99;0.8870047380648487;0.010974837566060538;0.48783371280669224;0.1935245886176458
203;0.1568;0.0094;-0.014;20;62.35878057414;0.038;49.57996108414;0.0235;247308653612333440;0.6267;0.0487;1.335;0.05;-3.648;0.038;0.978;16.43417;0.002787;17.179346;0.005609;15.581552;0.003689;1.597795;;;1.288;2580.242;223.138;449.923;1.0;1.1865695015095974;0.010749622681532001;0.6917001637196691;0.08773680259318
204;0.2037;0.0545;-0.0519;20;62.63689718805;0.0382;49.51557535176;0.025;247328547901435264;0.7678;0.0474;1.244;0.049;-3.67;0.041;1.027;16.335762;0.002793;17.058735;0.005891;15.491734;0.003946;1.567001;;;1.288;2389.99;209.268;389.121;1.0;1.2197764040630903;0.008535175052692206;0.5500589457024884;0.2463318200967489
205;0.1771;-0.0542;-0.0464;20;62.58760303742;0.0765;49.58437015878;0.048;247329716132529664;0.6939;0.094;1.354;0.096;-3.442;0.078;0.969;17.630789;0.002886;18.493721;0.012403;16.725882;0.005379;1.767839;;;1.296;1264.162;89.841;236.093;0.97;0.9520519629282229;0.0025093275610967897;0.0;0.11412104455774216
206;0.2276;-0.0665;-0.0736;20;62.49673822454;0.0227;49.61310114911;0.0143;247309684404459136;0.6941;0.0286;1.03;0.029;-3.601;0.024;0.968;15.235619;0.002767;15.820404;0.003127;14.487943;0.00303;1.332461;;;1.261;4195.945;769.223;919.061;0.9;1.5486764195274971;0.009979168195634757;0.7344140798151585;0.21959412371285972
207;0.0508;0.1752;-0.0244;19;62.30993741874;0.0307;49.49898397762;0.0187;247307073064424960;0.7156;0.0403;1.477;0.04;-3.716;0.03;1.091;15.786959;0.002771;16.43532;0.003998;14.996278;0.003029;1.439042;;;1.271;3675.937;379.264;920.01;0.99;1.3794713787950028;0.001667635253340667;0.0;0.1519557437577314
208;0.1658;0.0316;-0.028;20;62.45586246702;0.0668;49.6138838353;0.0411;247310405958967552;0.7135;0.085;1.313;0.09;-3.77;0.066;1.031;17.455551;0.002855;18.361622;0.012399;16.514496;0.005143;1.847126;;;1.316;1453.606;89.87;251.315;1.0;0.9455454593386159;0.02638361131868128;0.690823415533805;0.06989763497773809
209;0.2243;-0.0716;-0.0983;20;62.5333913991;0.0165;49.60771621686;0.0104;247309512605766016;0.7064;0.0208;1.288;0.021;-3.711;0.018;0.996;14.404048;0.002761;14.81377;0.002966;13.81648;0.002864;0.997291;;;1.22;6285.853;1080.389;1685.066;1.0;1.9789852715112373;0.001862204956993528;0.0;0.0
210;0.055;0.1424;-0.0665;19;62.30946515218;0.0649;49.52030858641;0.038;247308206935780096;0.6128;0.0846;1.385;0.091;-3.529;0.061;1.055;17.254885;0.00284;18.069975;0.010328;16.377792;0.004998;1.692183;;;1.286;1581.601;109.189;261.851;0.98;1.0257980149707415;0.0018415799025997286;0.0;0.09334347387930786
211;0.1238;-0.0087;0.0169;20;62.33677713891;0.0191;49.56827775084;0.0118;247308619252604544;0.7141;0.025;1.369;0.026;-3.654;0.019;1.01;14.973031;0.002761;15.495138;0.003051;14.283471;0.002911;1.211667;;;1.243;5952.764;879.479;1309.875;1.0;1.6736850977415423;0.0015217368189819043;0.0;0.1323261840238214
212;0.1416;0.2161;-0.0737;18;62.4862192723;0.0864;49.39879271667;0.0527;247291130145835776;0.7148;0.1125;1.203;0.115;-3.673;0.083;1.075;17.594406;0.002903;18.280815;0.013271;16.389057;0.006628;1.891758;;;1.663;1186.63;83.684;180.585;0.99;0.9474038706085741;0.028362936330860393;0.6915701653235159;0.08223723667222435
213;0.0959;0.1622;-0.0571;19;62.3168885998;0.0482;49.54339356553;0.0295;247308275656907648;0.5741;0.0627;1.265;0.065;-3.869;0.047;1.065;16.776619;0.002796;17.514839;0.006475;15.93111;0.003944;1.583729;;;1.285;2280.006;185.83;389.582;0.95;1.125537037921809;0.0012948502028835834;0.0;0.040214540536416196
214;0.1384;0.1514;-0.0712;19;62.51865339884;0.0338;49.40192386431;0.0191;247292573254839680;0.7104;0.0424;1.446;0.042;-3.464;0.032;1.01;15.881104;0.002777;16.612217;0.004696;15.03277;0.003109;1.579447;;;1.289;3117.572;287.415;791.963;0.97;1.2167358852428354;0.03077669023692172;1.087044209887029;0.04485358294999216
215;0.1775;0.0338;-0.107;20;62.64267976676;0.0704;49.510953336;0.0461;247316796870913792;0.6198;0.0884;1.454;0.093;-3.72;0.075;0.974;17.551937;0.002884;18.358107;0.011935;16.682682;0.004781;1.675425;;;1.283;1274.917;93.566;279.693;0.99;0.9689732388735776;0.0025196053430271144;0.0;0.023542956923739512
216;0.1859;0.039;-0.0708;20;62.61304148146;0.0187;49.56980539228;0.0117;247329681772791936;0.7129;0.0228;1.228;0.024;-3.555;0.019;0.985;14.684303;0.002761;15.16041;0.003068;14.032221;0.002907;1.128189;;;1.235;6018.294;850.631;1329.691;1.0;1.8147246292045605;0.0031106357907935674;0.0;0.2309835520721914
217;0.1763;0.018;-0.0493;20;62.33777800106;0.0822;49.57162148015;0.0513;247308619252602240;0.6877;0.1047;1.284;0.111;-3.727;0.083;0.976;17.865191;0.002913;18.732977;0.014583;16.958632;0.005777;1.774345;;;1.296;1148.121;75.856;214.639;0.99;0.9114536637900238;0.002200720896308638;0.0;0.07583625231013898
218;0.074;0.2688;-0.1446;18;62.31170827212;0.1339;49.53735004099;0.0787;247308275655246080;0.7676;0.1773;1.226;0.185;-3.686;0.128;0.978;18.472446;0.00314;19.504461;0.032384;17.504463;0.01013;1.999998;;;1.307;720.848;33.652;111.488;0.98;0.8092413740009669;0.00825285565774054;0.0;0.22050535125914977
219;0.1971;0.0047;-0.0828;20;62.64022751119;0.0511;49.53336878764;0.0331;247328582261170048;0.7873;0.0645;1.232;0.066;-3.686;0.054;0.961;16.977633;0.002811;17.759602;0.009507;16.111685;0.004101;1.647917;;;1.287;1942.357;119.464;361.178;0.99;1.0828033702382571;0.001492737046345041;0.0;0.09862069768538086
220;0.2117;-0.0361;0.0359;19;62.42611239032;0.051;49.61471063746;0.0321;247310062361585792;0.6369;0.0652;1.145;0.064;-3.761;0.052;1.073;16.828024;0.00281;17.57605;0.006514;15.975144;0.003875;1.600905;;;1.287;1967.467;184.46;403.854;0.99;1.1147605374036544;0.0012320121154728487;0.0;0.07201890734270226
221;0.2314;0.2066;-0.0707;20;62.61084222859;0.0466;49.43760715164;0.0286;247292848132703104;0.753;0.0582;1.322;0.062;-3.641;0.047;0.968;16.621853;0.002796;17.390863;0.005708;15.762386;0.003902;1.628477;;;1.286;2293.399;218.057;398.058;1.0;1.1436510316862247;0.010108078616018883;0.6250186730570242;0.16625390745358662
222;0.1608;0.0164;-0.0395;20;62.34341444774;0.0605;49.58198509069;0.0376;247308687972073472;0.752;0.0769;1.473;0.081;-3.652;0.061;0.983;17.336052;0.002845;18.173676;0.011479;16.448612;0.005506;1.725063;;;1.288;1535.495;97.507;228.738;0.99;1.0087815655693444;0.003228721156040578;0.0;0.16999073091621214
223;0.122;-0.0413;-0.0453;20;62.40036633959;0.0602;49.61027409305;0.0372;247310165440805120;0.7003;0.0785;1.306;0.084;-3.821;0.06;0.997;17.312243;0.002842;18.128376;0.008828;16.436529;0.004756;1.691847;;;1.285;1554.837;129.627;281.929;0.99;1.0144528568144369;0.0015752710453333914;0.0;0.08669739255171799
224;0.29;0.1062;-0.1523;18;62.45044014702;0.0264;49.39398639963;0.0171;247302846816627968;0.7059;0.0331;1.196;0.035;-3.614;0.03;0.984;15.356727;0.002769;15.97988;0.00346;14.5852;0.002935;1.39468;;;1.265;3980.175;530.433;1190.645;1.0;1.4852614836418911;0.011798017430945749;0.8886417054730379;0.06351926024956654
225;0.1007;0.234;-0.1309;19;62.60202880335;0.0981;49.42810467715;0.0594;247292843830759552;0.7036;0.12;1.305;0.13;-3.674;0.096;1.037;17.886463;0.002935;18.798935;0.020525;16.93401;0.007765;1.864925;;;1.325;1074.656;53.393;149.829;0.99;0.9039126526435426;0.008115431888129377;0.2137376658640254;0.2555189955058638
226;0.0908;0.1648;-0.063;19;62.30835254381;0.0272;49.54689037044;0.0164;247308481813670784;0.757;0.0355;1.009;0.037;-3.716;0.027;1.004;15.663385;0.002769;16.308178;0.003526;14.878997;0.003015;1.429181;;;1.267;3994.12;503.812;949.375;0.85;1.4136813004817916;0.005014202562297308;0.2752160681200412;0.32496215802539213
227;0.0924;0.1602;-0.0365;19;62.2994572564;0.0379;49.48821678654;0.0223;247307038704695552;0.6661;0.0492;1.439;0.049;-3.793;0.036;1.08;16.179581;0.002786;16.929222;0.004303;15.305884;0.00316;1.623338;;;1.305;2635.833;331.419;732.096;0.99;1.1636089609197229;0.033133549269682774;0.9971579273665231;0.05615920976592727
228;0.1162;0.1486;-0.0385;19;62.29827712162;0.0739;49.48967369981;0.0402;247307038704694912;0.6861;0.092;1.375;0.093;-3.614;0.065;1.064;17.322168;0.002889;18.180561;0.014577;16.409492;0.005105;1.771069;;;1.305;1250.687;75.888;253.94;0.99;1.0009103460402267;0.009135468756275758;0.523090968555958;0.18623282792007514
229;0.0714;0.1435;-0.0879;19;62.29601649993;0.0598;49.51931542722;0.0331;247307897698138240;0.5372;0.0756;1.099;0.076;-3.809;0.054;1.002;17.034691;0.002816;17.79715;0.009178;16.174522;0.004841;1.622627;;;1.289;1868.365;124.168;274.458;0.9;1.072082751350233;0.0015823552856976382;0.0;0.0519687081720266
230;0.1665;0.0166;-0.0851;18;62.62502446218;0.1359;49.57209622606;0.0899;247328921556310144;0.6807;0.172;1.453;0.179;-3.328;0.142;1.02;18.65247;0.003127;19.781494;0.041585;17.584309;0.012055;2.197186;;;1.382;734.397;26.168;92.583;0.87;0.7625725583254258;0.010748831224833754;0.5463688338781042;0.08476395723040199
231;0.1864;0.0485;-0.102;20;62.65523603392;0.0211;49.50483129327;0.0137;247316762511175808;0.7077;0.0267;1.183;0.027;-3.667;0.023;0.961;15.10054;0.002763;15.643069;0.003169;14.392629;0.002948;1.250441;;;1.248;5329.699;722.464;1141.479;1.0;1.61938097891328;0.0017522176423305843;0.0;0.14154655065559793
232;0.0933;0.1453;0.0038;19;62.30066797753;0.0158;49.47071973814;0.0097;247306969985226368;0.7078;0.0207;1.387;0.021;-3.844;0.015;0.963;14.296073;0.00276;14.743594;0.002934;13.668412;0.002823;1.075182;;;1.231;6479.389;1195.314;2531.978;1.0;2.009485022315996;0.016667797720640556;0.9632757939848763;0.1332303257414435
233;0.1226;0.1377;-0.0621;19;62.45460347655;0.0439;49.38825366709;0.0266;247291095786107776;0.5943;0.0561;1.237;0.059;-3.517;0.043;1.095;16.342886;0.002787;17.081486;0.005783;15.498425;0.003467;1.58306;;;1.284;2583.816;214.354;527.385;0.97;1.2063694562399199;0.011201308132852871;0.7071809104167359;0.12172695055923695
234;0.2384;-0.0183;-0.1034;20;62.66052550156;0.023;49.51283000574;0.0151;247316762511174016;0.6937;0.0295;1.28;0.03;-3.756;0.025;1.002;15.323749;0.002767;15.89717;0.003223;14.587408;0.002962;1.309762;;;1.257;4280.985;672.655;1090.727;1.0;1.5338671950101794;0.0012172782742182668;0.0;0.026197019102412396
235;0.1865;-0.0793;-0.0203;20;62.58703385307;0.0701;49.60434944767;0.0435;247329991010432000;0.6783;0.0848;1.491;0.087;-3.511;0.071;1.036;17.445934;0.002868;18.25428;0.014424;16.554363;0.005091;1.699917;;;1.301;1363.536;76.724;254.958;0.98;0.9905893167716762;0.0018638409253589469;0.0;0.05842754160831727
236;0.0915;0.1701;-0.0464;19;62.29339139443;0.03;49.53991112705;0.018;247308103856556544;0.7177;0.0391;1.265;0.04;-3.646;0.029;0.988;15.836059;0.00277;16.468332;0.003557;15.045415;0.003215;1.422917;;;1.277;3794.276;492.107;679.679;1.0;1.366797929321117;0.001348985586085358;0.0;0.05397199847482271
237;0.2201;0.1248;-0.082;20;62.61782428897;0.0235;49.42714008154;0.0151;247292092218462848;0.7419;0.0301;1.157;0.03;-3.801;0.025;1.03;15.244083;0.002765;15.885881;0.003375;14.461563;0.002997;1.424318;;;1.267;4598.893;571.535;992.847;0.99;1.4657866142291567;0.019170924888903252;1.100348054241953;0.042888345859197666
238;0.0973;0.1614;-0.0747;19;62.61034979532;0.0835;49.42172249905;0.0519;247292092218468992;0.7235;0.106;1.25;0.115;-3.627;0.086;0.997;17.677061;0.002881;18.601667;0.014839;16.740984;0.006612;1.860683;;;1.306;1291.741;74.496;181.113;0.99;0.9265074747740811;0.009615399686861639;0.5656416770639026;0.12347671397492935
239;0.1302;0.2536;-0.1299;17;62.29255265974;0.1014;49.54040849364;0.0572;247308103856556416;0.7281;0.1322;1.072;0.14;-4.017;0.094;1.011;17.97954;0.002972;18.727514;0.018992;17.002028;0.009066;1.725487;;;1.4;973.628;57.794;125.864;0.82;0.9023991527427424;0.0035433217124642463;0.0;0.04136328536891173
240;0.1975;-0.1604;-0.0626;19;62.51407536934;0.0236;49.62741990957;0.0133;247309787483672320;0.7048;0.0289;1.22;0.028;-3.657;0.023;0.963;15.019324;0.002764;15.532988;0.003293;14.333725;0.002916;1.199263;;;1.243;5071.583;620.492;1283.431;1.0;1.6547114192311192;0.0013905607462920027;0.0;0.047096225279102996
241;0.1033;0.1333;0.0543;19;62.30018324244;0.0114;49.55701852655;0.0072;247308550533142400;0.7275;0.0147;1.199;0.016;-3.642;0.012;1.093;12.565296;0.002758;12.87183;0.002816;12.085625;0.002803;0.786205;;;1.202;8989.754;2851.378;4132.43;1.0;3.309462947799582;0.001828202310883785;0.0;0.0
242;0.1533;0.0806;-0.1187;19;62.6598341026;0.1603;49.54430111086;0.1023;247328681038086016;0.5923;0.1985;1.128;0.213;-3.892;0.172;1.013;18.838308;0.003215;19.901335;0.050328;17.873825;0.010262;2.02751;;;1.296;655.081;21.606;109.941;0.95;0.7585658147702958;0.002991157964729395;0.0;0.11881624346273115
243;0.164;0.0106;-0.0892;19;62.6683621794;0.0823;49.49764347775;0.0519;247316556352746112;0.7484;0.1047;1.126;0.106;-3.712;0.084;0.999;17.772753;0.002895;18.706078;0.023733;16.824884;0.008123;1.881193;;;1.315;1222.921;46.068;142.316;0.99;0.9115492755034371;0.011145871875324885;0.528167654025611;0.16061252722700364
244;0.1777;0.1337;-0.1346;19;62.63982282955;0.1219;49.44048201623;0.0753;247292190995753472;0.7285;0.1521;1.135;0.157;-3.592;0.123;0.995;18.357239;0.003022;19.413748;0.02971;17.38822;0.009467;2.025528;;;1.302;874.944;36.707;120.02;0.97;0.8138426142453085;0.014479623509850183;0.4371103953226826;0.20903522332596164
245;0.1719;0.0723;0.0267;20;62.36094725082;0.0215;49.6095482939;0.0135;247357135204102656;0.69;0.0268;1.148;0.029;-3.638;0.022;0.977;15.260534;0.002765;15.834766;0.003318;14.525407;0.002989;1.30936;;;1.256;4714.567;604.434;1013.474;1.0;1.5563469795357632;0.0019972730517556123;0.0;0.1762004257392386
246;0.1892;0.1664;-0.0881;19;62.51841327914;0.0168;49.38095633411;0.0101;247292264017204480;0.7228;0.0218;1.398;0.022;-3.678;0.017;1.032;14.339381;0.002761;14.855797;0.002873;13.647736;0.002828;1.208061;;;1.247;6343.03;1584.644;2365.905;1.0;1.7892162555760445;0.023756944852917274;1.4291949613291997;0.033383122242910325
247;0.2051;0.0605;-0.0489;20;62.65995455101;0.0113;49.45763925873;0.0077;247315697359293184;0.7046;0.0146;1.152;0.015;-3.543;0.013;0.891;12.853435;0.002761;13.240213;0.002866;12.286103;0.002867;0.95411;;;1.218;5958.692;1654.047;1650.112;0.99;2.968285124592698;0.08703150702850715;1.6772947956393864;0.25708698008696185
248;0.1399;0.0334;-0.0129;20;62.41029884619;0.0156;49.63099512694;0.0093;247310337239491200;0.7334;0.0203;1.308;0.021;-3.654;0.015;0.958;14.417202;0.00276;14.88418;0.00299;13.771026;0.002835;1.113154;;;1.235;6774.531;1011.378;2169.142;1.0;1.9181406767314775;0.015515548600047897;1.0314998248671607;0.0642911872058264
249;0.3254;-0.1023;-0.1045;19;62.65408913355;0.0186;49.56722034557;0.0128;247328960218283520;0.7061;0.0222;1.428;0.025;-3.76;0.022;0.956;14.655713;0.002761;15.130637;0.002964;14.00643;0.002864;1.124207;;;1.234;6219.181;1084.544;1675.825;1.0;1.8281784931365102;0.004786556270882286;0.22618601223099621;0.32623150136323775
250;0.1778;0.112;-0.0258;19;62.35025180489;0.0137;49.40326774519;0.0085;247303396572456448;0.7417;0.0181;1.38;0.018;-3.763;0.014;1.003;13.750783;0.00276;14.167889;0.002853;13.152519;0.002843;1.015369;;;1.224;6451.74;1821.476;1996.154;1.0;2.3581101354765925;0.022233035757605497;1.1884969921006892;0.0877081297587166
251;0.1824;-0.0529;0.006;19;62.45524049823;0.1359;49.63869198259;0.0764;247310676535379072;0.6197;0.1691;1.05;0.169;-3.825;0.122;0.977;18.422901;0.003032;19.325937;0.031346;17.465004;0.008763;1.860933;;;1.333;857.379;34.775;130.697;0.96;0.8240468785788774;0.0033803698376137794;0.0;0.07475332785955083
252;0.2643;-0.0816;-0.0745;20;62.67555843625;0.017;49.53396717198;0.0113;247316930007546368;0.7094;0.0216;1.401;0.022;-3.595;0.019;0.956;14.638618;0.002761;15.103859;0.00313;13.995358;0.002867;1.108501;;;1.234;6266.562;765.386;1645.272;1.0;1.8408766083429082;0.001654667014988402;0.0;0.1153660804339294
253;0.1299;0.2022;-0.0873;19;62.38041239353;0.0973;49.3887886571;0.0577;247302606298475648;0.7572;0.125;1.468;0.128;-3.633;0.093;1.036;17.934837;0.002936;18.841269;0.01566;17.017048;0.007148;1.824221;;;1.295;1069.432;70.459;164.976;0.99;0.8979374362072666;0.0023363715729780407;0.0;0.09765696120083481
254;0.1551;-0.0795;0.0103;20;62.63069619018;0.0186;49.59481362599;0.0113;247329784852000512;0.7329;0.0221;1.037;0.022;-3.545;0.019;0.999;14.611712;0.002761;15.087611;0.002895;13.956413;0.002868;1.131198;;;1.238;6140.009;1403.712;1636.199;0.85;1.8339366066394873;0.01206558777984453;0.7955601911139571;0.2435624758071195
255;0.1279;0.1827;-0.0948;17;62.51588524484;0.051;49.37518852598;0.0292;247292264017207296;0.7889;0.0678;1.267;0.064;-3.612;0.049;0.972;16.719534;0.002799;17.527618;0.008282;15.835623;0.003727;1.691996;;;1.295;2199.224;139.24;439.383;0.99;1.0927004000573195;0.019167251602625935;0.788348178929713;0.05614996691318362
256;0.1161;0.2009;-0.0725;19;62.27257787496;0.0725;49.54135762579;0.0434;247308172576038144;0.6759;0.0913;1.233;0.098;-3.698;0.071;0.974;17.548813;0.002846;18.383394;0.011069;16.663904;0.004551;1.71949;;;1.287;1521.639;101.359;301.99;1.0;0.9686558749451837;0.0020016416185711333;0.0;0.035262416610847884
257;0.1849;0.0771;-0.0956;17;62.29128936213;0.1198;49.57236901019;0.0762;247355485936755712;0.6911;0.1573;1.113;0.158;-3.775;0.124;1.028;18.434454;0.00302;19.446474;0.024011;17.483255;0.008516;1.963219;;;1.296;878.528;45.526;134.942;0.98;0.8170354021217466;0.00475728776590413;0.0;0.16703172398131755
258;0.1229;0.0743;-0.0655;20;62.40601112801;0.0346;49.63545198994;0.0203;247310337239490688;0.7023;0.0443;1.521;0.046;-3.6;0.033;0.95;16.20348;0.002778;16.889027;0.004556;15.394208;0.003252;1.494819;;;1.273;3080.137;301.474;649.679;0.99;1.2679466169063602;0.001201690788404388;0.0;0.0644433664429003
259;0.2287;-0.0022;0.0016;19;62.68923455492;0.0861;49.51161487591;0.0572;247316659431956736;0.7321;0.1071;1.446;0.108;-3.614;0.089;1.086;17.714872;0.00291;18.596107;0.016397;16.810629;0.00504;1.785479;;;1.29;1160.178;67.196;258.655;0.99;0.9359706034346442;0.0023266205427530796;0.0;0.12122699074383086
260;0.159;0.1953;-0.0013;19;62.36830930085;0.0188;49.38568127588;0.0116;247302636356127616;0.7187;0.0246;1.291;0.024;-3.728;0.019;0.999;14.638004;0.002762;15.133978;0.002922;13.969196;0.002875;1.164782;;;1.239;5741.864;1249.029;1566.671;1.0;1.7970941683970805;0.013273657330652461;0.9710338740292531;0.09439460048443642
261;0.2349;-0.0924;-0.0633;20;62.66323979552;0.0713;49.57688713263;0.0443;247328994578018688;0.7593;0.0843;1.372;0.09;-3.763;0.073;0.992;17.464722;0.00287;18.340944;0.012442;16.555981;0.004903;1.784964;;;1.296;1354.077;89.542;269.27;0.99;0.9773468317288416;0.008387375036272564;0.34487548427427955;0.2662564002131197
262;0.1872;0.0053;-0.0287;20;62.34667521957;0.0692;49.62136638781;0.0442;247357203923578112;0.6477;0.0867;1.159;0.097;-3.73;0.072;1.005;17.564838;0.002868;18.427748;0.016071;16.639351;0.00509;1.788397;;;1.315;1361.602;68.602;255.057;0.99;0.9645854588013282;0.004625139798683797;0.0;0.22697449965224065
263;0.2414;0.0224;-0.008;20;62.29423347849;0.0182;49.58903048148;0.0124;247355589015890816;0.6735;0.0232;1.308;0.025;-3.877;0.02;1.307;14.360101;0.00276;14.850231;0.002952;13.69119;0.002853;1.159041;;;1.241;6536.417;1126.217;1830.338;0.99;1.87783671219875;0.01732787288943782;1.2567042188834012;0.03757394808413063
264;0.1607;0.2126;-0.1035;19;62.61957802733;0.0224;49.39902921709;0.0142;247292023500663936;0.7183;0.0288;1.248;0.029;-3.774;0.022;0.958;15.030542;0.002765;15.632636;0.003161;14.275732;0.002916;1.356904;;;1.26;4741.741;731.176;1282.1;1.0;1.5558866956607438;0.015160612348132802;1.1166471972954637;0.037806222821101465
265;0.0924;0.0111;-0.0638;20;62.65311719804;0.1838;49.59179212856;0.1054;247329058995308032;0.5894;0.2159;1.027;0.246;-3.886;0.172;1.004;18.937208;0.00332;20.006674;0.0587;17.9466;0.015289;2.060074;;;1.319;586.137;18.517;72.229;0.93;0.7477858255431847;0.0016413000748669866;0.0;0.01898680669343416
266;0.3;-0.0387;-0.0805;19;62.32510835083;0.0192;49.61326934231;0.0128;247355722152322176;0.6708;0.0249;1.607;0.027;-3.779;0.022;1.103;14.855144;0.002764;15.38882;0.003184;14.149151;0.002918;1.239669;;;1.25;4898.649;707.913;1271.049;0.69;1.6842598541753255;0.011894679566892998;0.9737544887138037;0.056581547362094795
267;0.1787;0.267;-0.0555;18;62.46460389374;0.1881;49.36330971318;0.1183;247291022764531712;0.4885;0.2436;1.147;0.24;-3.595;0.191;0.981;18.974567;0.003302;20.079941;0.048947;17.950012;0.012593;2.129929;;;1.344;596.517;22.218;88.418;0.95;0.7462700685138379;0.0011978436286658842;0.0;0.016072520354002803
268;0.2163;-0.0425;-0.0844;18;62.3975519013;0.1091;49.64255109023;0.0701;247357272643158784;0.6667;0.14;1.279;0.149;-3.931;0.116;1.006;18.381926;0.002991;19.340414;0.022211;17.432055;0.010474;1.90836;;;1.31;932.939;49.272;107.551;0.97;0.827018735798939;0.0030049570911002137;0.0;0.11144000850885528
269;0.1979;-0.0427;-0.035;20;62.65925298764;0.0148;49.58834037206;0.0091;247329063297492736;0.6908;0.0174;1.278;0.018;-3.671;0.015;1.003;13.975979;0.00276;14.378101;0.002882;13.394207;0.002841;0.983894;;;1.22;6469.227;1502.538;2020.365;1.0;2.2624753622215925;0.0014241289582036473;0.0;0.0
270;0.3015;0.0667;-0.1934;18;62.66878564449;0.0212;49.43588759785;0.0143;247292160937922688;0.7157;0.0263;1.356;0.028;-3.718;0.025;1.004;14.886676;0.002763;15.451079;0.003251;14.157717;0.002927;1.293363;;;1.255;5321.541;650.956;1228.385;1.0;1.633226065601476;0.013109050975817417;1.0988336190341403;0.036570376317348524
271;0.0988;0.0895;-0.0218;18;62.25572286319;0.0373;49.53731989456;0.0226;247308138216536960;0.6701;0.0491;1.484;0.053;-3.725;0.036;3.076;14.11606;0.002761;14.567621;0.002892;13.473238;0.002841;1.094383;;;1.239;6076.279;1426.869;2033.455;0.99;2.061653098450382;0.0204397710496428;1.2495188681597689;0.050412502736805094
272;0.1386;-0.1246;-0.007;19;62.64307699675;0.1011;49.60380274265;0.056;247329819211734528;0.6968;0.116;1.357;0.118;-3.998;0.091;0.999;17.961937;0.002919;18.854443;0.015353;17.045916;0.005664;1.808527;;;1.297;1125.74;71.915;220.283;0.91;0.8942146400740869;0.0019656710008708004;0.0;0.07715592156148862
273;0.133;0.1994;-0.1152;19;62.55800203608;0.0239;49.37132415069;0.0148;247291473743218560;0.6902;0.0304;1.331;0.031;-3.61;0.025;0.988;15.189455;0.002765;15.779496;0.00314;14.447173;0.003021;1.332323;;;1.255;4639.158;753.575;938.375;1.0;1.556547706587643;0.011421381474828109;0.8425316055690892;0.11183816274264262
274;0.107;0.2335;-0.1012;19;62.50120997892;0.0256;49.36196991878;0.0151;247290786548464384;0.7305;0.0329;1.386;0.034;-3.732;0.025;1.025;15.309905;0.002767;15.95156;0.003464;14.52198;0.003166;1.42958;;;1.271;4301.957;529.08;725.219;1.0;1.4589551273309291;0.018437174614506318;1.0516151720103502;0.04870801869860784
275;0.1528;0.1036;-0.0663;20;62.38763324618;0.0798;49.64328634959;0.0496;247357272643043200;0.6985;0.1009;1.209;0.11;-3.487;0.08;0.977;17.789299;0.00288;18.629232;0.018437;16.877378;0.005788;1.751854;;;1.31;1296.203;59.574;214.118;0.97;0.926160178594689;0.002006444575346752;0.0;0.07547949006314124
276;0.1438;0.0875;-0.1053;17;62.30986500114;0.0542;49.40587179055;0.0332;247303568371344896;0.6006;0.0747;1.189;0.069;-3.83;0.055;0.999;16.852922;0.002803;17.645561;0.00698;15.973952;0.003864;1.671609;;;1.295;2112.133;169.697;406.274;0.98;1.0974785036836723;0.008010917848163181;0.5553927214718363;0.20170202900987894
277;0.1483;0.1057;-0.0204;20;62.38447432591;0.0306;49.64258743572;0.0189;247357341363265664;0.7013;0.039;1.407;0.041;-3.648;0.031;1.051;15.93198;0.002773;16.588209;0.004078;15.138323;0.003101;1.449886;;;1.271;3517.231;365.012;801.886;1.0;1.3369773861210277;0.0013016482817481778;0.0;0.07197338801450316
278;0.1867;-0.0259;-0.043;20;62.69968579148;0.0896;49.52953059596;0.0575;247316899950119936;0.6614;0.1083;1.159;0.117;-3.691;0.093;0.997;17.962189;0.002934;18.877014;0.022567;17.03414;0.00611;1.842875;;;1.302;1076.633;48.484;199.76;0.99;0.8934753133421531;0.0027372599570948813;0.0;0.12435590456695167
279;0.1301;0.2086;-0.0544;19;62.42998526184;0.0492;49.3617091865;0.0308;247290958347171072;0.6216;0.0629;1.148;0.064;-3.705;0.049;1.005;16.736675;0.002812;17.532125;0.006294;15.855581;0.003706;1.676544;;;1.296;1930.572;192.448;445.148;0.99;1.1040550720662974;0.013010440064589037;0.7324867490176107;0.059257594468523356
280;0.2355;-0.0505;0.0133;19;62.70260475155;0.0662;49.52647456664;0.0429;247316899950121088;0.5145;0.0813;1.436;0.083;-3.83;0.068;0.982;17.351151;0.002861;18.178188;0.010253;16.455095;0.005014;1.723093;;;1.299;1407.291;110.053;260.616;0.88;1.007063933715276;0.002986170760925311;0.0;0.1585891603145496
281;0.106;0.2016;-0.1159;18;62.2447192273;0.1596;49.51445672336;0.101;247308030835260032;0.7843;0.2116;1.138;0.219;-3.797;0.162;1.038;18.79496;0.003209;19.959465;0.047228;17.705957;0.01081;2.253508;;;1.396;660.052;23.029;103.965;0.97;0.75385064759135;0.006853024021327364;0.47495481809653783;0.11128537989224352
282;0.1807;-0.0692;-0.0871;19;62.66417653547;0.108;49.59285985141;0.0673;247329058995311232;0.689;0.1323;1.151;0.135;-3.776;0.11;1.018;18.16091;0.002967;19.092907;0.020052;17.231705;0.00905;1.861202;;;1.298;985.522;54.677;126.121;0.99;0.8613010960201347;0.0024147397718050113;0.0;0.09006351863443321
283;0.3142;-0.0398;-0.1953;19;62.35255757631;0.0752;49.63503962009;0.0496;247357203923682304;0.7946;0.0977;1.384;0.109;-3.548;0.087;1.046;17.634537;0.002876;18.485474;0.010755;16.74629;0.005867;1.739183;;;1.285;1317.835;104.533;210.387;0.98;0.9513521211255707;0.0017387526172095021;0.0;0.060707626772822855
284;0.2131;-0.1098;-0.0697;20;62.66905841731;0.0761;49.59051753904;0.0457;247329063297554176;0.777;0.0917;1.078;0.097;-3.903;0.076;1.019;17.582911;0.002886;18.447041;0.015211;16.667866;0.004877;1.779175;;;1.305;1263.58;72.609;271.432;0.96;0.9613810396540785;0.0037745745891038865;0.0;0.1769011500225135
285;0.1285;0.2421;-0.1774;18;62.57589956708;0.1074;49.37018439875;0.0648;247291576822431616;0.6383;0.1375;1.156;0.139;-3.832;0.108;1.031;18.083565;0.002963;19.06555;0.021956;17.157246;0.006954;1.908304;;;1.282;997.294;49.854;170.467;0.98;0.8693347125140726;0.006109362467933026;0.0;0.22980437960581027
286;0.1356;0.2301;-0.0637;19;62.41460566292;0.0295;49.35882238852;0.0172;247290958347176064;0.6742;0.0368;1.353;0.038;-3.562;0.028;1.058;15.605857;0.002771;16.256491;0.004099;14.816455;0.00305;1.440036;;;1.269;3696.84;361.547;880.581;1.0;1.414792496343195;0.010474303683172809;0.767528513692433;0.12351881230462676
287;0.1261;0.1028;-0.1202;18;62.30352633405;0.0303;49.39977813791;0.0182;247303534011606784;0.6495;0.0401;1.4;0.039;-3.576;0.031;1.019;15.665444;0.002773;16.369011;0.003665;14.83974;0.003;1.529271;;;1.28;3505.008;456.739;983.821;0.99;1.283920087202944;0.036402905926090065;1.1121960891093985;0.058366674806398545
288;0.2215;0.1296;-0.0701;19;62.58616339317;0.0111;49.36911016146;0.0066;247291370664000000;0.7393;0.0139;1.29;0.014;-3.712;0.011;0.932;12.402403;0.002758;12.830981;0.002836;11.789502;0.002807;1.041479;;;1.229;8548.487;2128.193;3491.792;1.0;3.3433031051439803;0.02712180940448524;1.7058516122923097;0.15048428528576843
289;0.1355;-0.1158;-0.0138;20;62.46912903718;0.0669;49.66480638517;0.0397;247310783916082688;0.7407;0.0838;1.32;0.086;-3.759;0.067;1.021;17.383354;0.002861;18.161133;0.01158;16.533257;0.005142;1.627876;;;1.275;1407.304;96.605;251.376;1.0;1.0024198971280416;0.002259501894981943;0.0;0.05120342166880271
290;0.1718;-0.0442;-0.0232;20;62.69731663188;0.0675;49.57337650198;0.0404;247329166376707456;0.6856;0.079;1.357;0.084;-3.701;0.066;0.978;17.354877;0.002858;18.175629;0.012527;16.468315;0.004884;1.707314;;;1.293;1431.641;88.903;270.841;1.0;1.0067911803159788;0.0017112803718354998;0.0;0.0722081665138512
291;0.0202;0.2411;-0.0528;19;62.34778141592;0.0481;49.37104097126;0.0274;247302468859536896;0.7059;0.0575;1.409;0.062;-3.596;0.045;0.957;16.508184;0.0028;17.25527;0.005834;15.663407;0.003923;1.591863;;;1.281;2188.152;211.93;393.618;1.0;1.1788006133734374;0.008243500228663778;0.4288191403298196;0.2885727510786188
292;0.1761;0.1028;-0.1008;18;62.26649172548;0.0247;49.42015251145;0.0153;247300682153134336;0.6217;0.0327;1.246;0.031;-3.621;0.025;1.037;15.176664;0.002781;15.833779;0.003458;14.379021;0.003178;1.454759;;;1.273;2864.452;531.674;713.618;0.99;1.3940847617648489;0.03343705047571533;1.2738155987719937;0.044703454442897195
293;0.3397;-0.0658;-0.1584;20;62.28780963895;0.0839;49.61497461354;0.0609;247355863893790592;0.7844;0.1067;1.259;0.123;-3.702;0.104;1.028;17.89188;0.002916;18.939798;0.01799;16.90942;0.007855;2.030378;;;1.317;1136.602;61.092;147.875;0.99;0.8352017131273621;0.02395356829961263;0.7251140902502197;0.03983072430449636
294;0.0842;0.1721;-0.044;19;62.23392779692;0.0655;49.4606104036;0.0393;247301781664748544;0.7872;0.0874;1.332;0.087;-3.626;0.063;0.985;17.34812;0.002864;18.103687;0.037693;16.376902;0.016645;1.726786;;;1.391;1391.988;28.884;66.163;0.99;1.0162715219491776;0.0036097988719281065;0.0;0.1956438200471063
295;0.1585;0.0326;-0.0012;20;62.72291212093;0.0301;49.47942434178;0.0195;247315800438500864;0.7285;0.0375;1.348;0.039;-3.61;0.032;1.016;15.840694;0.002775;16.586515;0.004027;14.986262;0.003263;1.600253;;;1.29;3307.926;373.829;641.815;1.0;1.21449176140583;0.027857461837262017;1.1116168913761675;0.037667991012504946
296;0.2621;0.095;-0.2213;18;62.61758601714;0.04;49.37249073479;0.0254;247291714261373696;0.6593;0.05;1.369;0.053;-3.843;0.043;1.046;16.23024;0.002784;16.997849;0.00453;15.365178;0.003183;1.63267;;;1.291;2707.594;304.289;708.975;0.98;1.151509348384092;0.029871976853853607;0.984399457563217;0.05298359134889989
297;0.0686;0.1709;-0.0193;19;62.23393094697;0.0282;49.45982368;0.0167;247301781664749056;0.7308;0.0371;1.371;0.037;-3.642;0.027;1.0;15.667063;0.002821;16.336863;0.004785;14.853084;0.003502;1.483779;;;1.282;1794.846;279.283;513.024;1.0;1.3716551325539763;0.014637191182956411;0.9055805287034359;0.054850202205640776
298;0.4008;-0.1555;-0.2952;18;62.71642485643;0.0318;49.45734811214;0.0227;247315559920379648;0.7924;0.0433;1.366;0.044;-3.635;0.04;1.007;15.884376;0.002775;16.669907;0.004115;15.005586;0.003101;1.664321;;;1.297;3313.446;358.913;801.945;0.99;1.1965835318801092;0.024460114296244017;1.1088346067993218;0.031199798350764196
299;0.1768;0.1091;-0.0839;20;62.68342138452;0.0384;49.41127783218;0.0246;247291886060025344;0.7444;0.0486;1.461;0.05;-3.792;0.041;0.952;16.375429;0.002786;17.137215;0.004704;15.51513;0.003201;1.622085;;;1.289;2616.895;286.699;691.664;0.99;1.1750085031216126;0.016228153750318445;0.8210758213963569;0.055620978866270196
300;0.1385;0.0009;-0.0071;20;62.65183832327;0.0962;49.62869707337;0.0529;247329887931202304;0.6691;0.11;1.022;0.131;-3.602;0.089;0.987;17.848076;0.002944;18.768867;0.024831;16.979856;0.009558;1.789011;;;1.247;1047.321;44.003;118.763;0.96;0.9101045547516479;0.0014273773178239378;0.0;0.03991564157028875
301;0.032;0.2685;-0.0703;19;62.39025811563;0.0931;49.34901961329;0.0522;247302297060846720;0.7512;0.1121;1.442;0.12;-3.685;0.084;1.045;17.724646;0.002885;18.558069;0.013661;16.828344;0.00615;1.729725;;;1.298;1268.464;81.19;198.101;0.99;0.9366526473401542;0.0020640123311287946;0.0;0.04353736430716158
302;-0.0207;0.2124;-0.0549;17;62.27452596756;0.2046;49.40128930829;0.1227;247297722913563392;0.7951;0.2612;1.497;0.266;-3.35;0.191;1.004;18.968849;0.003362;20.129082;0.048725;17.93693;0.012092;2.192152;;;1.338;563.487;22.319;92.279;0.85;0.7466512259870389;0.0013714452423031522;0.0;0.026132374697888715
303;0.2095;-0.0039;-0.0313;19;62.73220366063;0.1521;49.52635871312;0.1013;247317067446484864;0.5066;0.1901;1.146;0.2;-4.036;0.165;1.01;18.797764;0.003226;20.001801;0.049659;17.735065;0.012479;2.266735;;;1.359;647.417;21.899;89.268;0.85;0.7534422644376947;0.00674153668517767;0.44593718286462225;0.14624308864401256
304;0.1914;-0.0936;-0.0658;20;62.61305166461;0.0204;49.65032880303;0.012;247333117746605696;0.7173;0.0243;1.298;0.025;-3.644;0.02;1.006;14.774144;0.002762;15.256993;0.003016;14.118548;0.002904;1.138445;;;1.235;5672.029;949.261;1347.912;1.0;1.768970467306979;0.0012983005922791128;0.0;0.07465860641451715
305;0.1883;0.0162;-0.057;20;62.73427128685;0.0214;49.48901959269;0.0138;247315800438498816;0.7252;0.027;1.276;0.028;-3.699;0.023;0.993;15.108597;0.002766;15.696102;0.003261;14.365805;0.003016;1.330297;;;1.256;4417.229;643.125;948.776;1.0;1.571633890481054;0.011066441727479844;0.9544570470169776;0.049220075372235265
306;0.1567;0.233;-0.0578;18;62.49304444365;0.0643;49.3379582753;0.0387;247289996274495744;0.6506;0.0845;1.469;0.08;-3.571;0.063;1.025;17.137785;0.002827;18.042852;0.008481;16.210672;0.004068;1.83218;;;1.304;1720.95;135.563;366.77;0.98;0.9610486497622671;0.026810232910782335;0.8339213399126062;0.044189873995658054
307;0.0591;0.1571;0.0221;18;62.29490107822;0.0451;49.38404002752;0.0253;247303327852999424;0.7158;0.054;1.24;0.054;-3.807;0.042;0.939;16.23526;0.002785;16.963736;0.005042;15.394816;0.003314;1.568919;;;1.284;2655.157;258.523;607.143;1.0;1.2297217719979452;0.01340896426038368;0.7468615545408533;0.0919474681238931
308;0.1358;-0.0984;-0.0384;19;62.52255735812;0.1555;49.67512722445;0.0935;247334109877026688;0.6958;0.1977;1.291;0.197;-3.552;0.15;0.991;18.760057;0.003233;19.756243;0.053828;17.747385;0.015616;2.008858;;;1.359;641.935;20.198;70.664;0.97;0.7711699546968653;0.005138572078377781;0.0;0.16690419087028593
309;0.1506;0.3279;-0.0944;17;62.47766274183;0.1485;49.33576659627;0.0878;247289893195285504;0.7153;0.1943;1.009;0.203;-3.75;0.141;0.94;18.591482;0.003087;19.59449;0.055966;17.577234;0.014672;2.017256;;;1.359;779.605;19.424;75.375;0.95;0.7933836743851082;0.008614246755718358;0.0;0.22647669547668045
310;0.31;-0.1634;-0.175;19;62.36885976275;0.1005;49.66671801045;0.0628;247357611938049280;0.4821;0.1294;1.163;0.141;-3.749;0.104;0.945;18.042141;0.002949;18.951248;0.018566;17.115767;0.007532;1.835482;;;1.302;1032.045;59.152;155.181;0.94;0.8811342663153952;0.0023408020329838066;0.0;0.08324621067862846
311;0.1574;0.1587;-0.1257;19;62.67475521373;0.017;49.39062260467;0.0106;247288896762803328;0.7252;0.0226;1.385;0.023;-3.78;0.018;0.981;14.433989;0.002761;14.926409;0.003048;13.765388;0.002868;1.161021;;;1.24;6138.876;884.711;1631.54;1.0;1.8570980043419751;0.016160833787361155;1.1894408991827123;0.0418199891148888
312;0.1197;0.2079;-0.1718;19;62.64144268186;0.0715;49.37024900193;0.0433;247288793683608832;0.7914;0.0913;1.331;0.095;-3.847;0.073;0.978;17.447338;0.002869;18.389181;0.013575;16.502752;0.004995;1.886429;;;1.309;1359.805;81.724;262.055;0.99;0.9162769948202676;0.024580144697280884;0.7680050679585119;0.04552923199646875
313;0.1201;0.1345;-0.1115;18;62.28182302663;0.0189;49.3824542642;0.0109;247297658496337152;0.7331;0.0241;1.318;0.025;-3.614;0.018;1.035;14.394545;0.002761;14.832024;0.002968;13.777145;0.002866;1.054878;;;1.228;6297.49;1073.332;1660.172;1.0;1.9843590517373135;0.0015796483660735245;0.0;0.09191773474878846
314;0.322;-0.0304;-0.0973;20;62.27139059073;0.0202;49.62580796209;0.0142;247356619808778624;0.6722;0.0257;1.337;0.029;-3.704;0.024;0.996;15.06741;0.002764;15.628375;0.003049;14.345091;0.002882;1.283284;;;1.251;4857.824;883.328;1504.088;1.0;1.6101805901203303;0.010417018457329924;0.8178390565495609;0.14989157658020574
315;0.0656;0.2295;-0.0779;19;62.3776961759;0.0433;49.34033437093;0.0244;247302297060853376;0.6877;0.0524;1.382;0.057;-3.789;0.04;0.992;16.337894;0.002786;17.037355;0.004256;15.522399;0.003601;1.514956;;;1.273;2636.502;337.857;477.101;1.0;1.2291836634608186;0.0012831038066304116;0.0;0.0854141124708449
316;0.3496;-0.0218;-0.116;20;62.32044175938;0.037;49.65553819695;0.0247;247356757246972800;0.6783;0.0464;1.364;0.054;-3.54;0.042;0.992;16.349939;0.002781;17.061127;0.00525;15.520142;0.003278;1.540985;;;1.281;2881.385;244.151;630.761;1.0;1.2257852992884672;0.0024992159581336566;0.0;0.2001245625458179
317;0.0753;-0.1375;-0.0005;20;62.47621482878;0.0407;49.68728602966;0.0224;247357822398838016;0.7254;0.0502;1.24;0.055;-3.648;0.037;1.027;16.342892;0.002786;17.041578;0.004507;15.523457;0.003483;1.518122;;;1.276;2652.625;306.781;520.772;1.0;1.2283898459752391;0.0012561064052932726;0.0;0.07045869204722764
318;0.1362;-0.0885;-0.1488;18;62.65021757779;0.123;49.64850031027;0.0673;247330540766301952;0.5402;0.1542;1.054;0.148;-3.719;0.111;1.057;18.17189;0.003022;19.134832;0.023366;17.249708;0.008805;1.885124;;;1.283;874.232;46.802;130.001;0.95;0.8583740838374009;0.002499942291814086;0.0;0.10335009272995806
319;0.1464;0.1351;-0.1447;19;62.7261455877;0.1406;49.41997987991;0.0904;247312428881619328;0.6037;0.1787;1.257;0.186;-3.488;0.148;0.948;18.674101;0.003084;19.731281;0.045347;17.666225;0.016967;2.065056;;;1.339;783.229;23.989;64.875;0.96;0.7766752793524211;0.01029296255279858;0.22637864075409958;0.24162199246966282
320;0.0763;0.2091;-0.1106;19;62.59474705856;0.0848;49.338098602;0.0512;247288342704909440;0.4898;0.1059;1.146;0.113;-3.509;0.086;0.964;17.722101;0.002868;18.658947;0.015722;16.771261;0.005959;1.887686;;;1.317;1363.461;70.174;206.197;0.91;0.9103268829852208;0.017119165505886425;0.6133038686272412;0.09220372908394679
321;0.1115;-0.0352;-0.0401;20;62.4286399353;0.0681;49.69295645917;0.0371;247357994197533696;0.6605;0.0769;1.381;0.087;-3.803;0.061;0.99;17.288967;0.002842;18.06258;0.010022;16.447016;0.004874;1.615564;;;1.27;1559.849;112.798;271.715;0.99;1.020097853888445;0.002190230808376036;0.0;0.02218916662747565
322;0.3619;-0.0345;-0.1324;20;62.28513716776;0.0534;49.65088906898;0.0363;247356791606716416;0.7109;0.0671;1.358;0.08;-3.759;0.063;0.994;17.065836;0.002813;17.902344;0.006937;16.163059;0.004338;1.739285;;;1.302;1915.678;170.943;326.84;1.0;1.0384395385791028;0.012551469848355784;0.6848070461930376;0.056835803218542764
323;0.1775;-0.0402;0.0067;20;62.75859949951;0.0839;49.45986968664;0.0539;247315521258140672;0.5494;0.1021;1.281;0.11;-3.816;0.09;0.96;17.764471;0.002888;18.906055;0.021933;16.735573;0.005779;2.170483;;;1.339;1254.797;49.908;214.557;0.98;0.8373091445006027;0.01877939407368605;0.7656585346105175;0.027382790668009808
324;0.0427;0.2169;-0.1336;19;62.24259751687;0.0963;49.39102824989;0.0556;247300647793413760;0.6403;0.1213;1.399;0.124;-3.816;0.09;1.044;17.728504;0.002896;18.591993;0.014077;16.815748;0.005641;1.776245;;;1.303;1218.339;78.689;221.447;0.98;0.9351196936684143;0.002282860873638609;0.0;0.10970536416671259
325;0.1795;-0.0565;-0.0951;19;62.62269227424;0.1312;49.67232970568;0.075;247333182164087424;0.6757;0.1587;1.521;0.159;-3.845;0.124;0.95;18.37505;0.003034;19.315098;0.030679;17.418409;0.010509;1.896688;;;1.321;855.391;35.538;107.156;0.96;0.8291274684111732;0.003278756719117324;0.0;0.10026579404085738
326;0.1001;0.2267;-0.1552;18;62.57284845078;0.1366;49.32578970166;0.0814;247288239625674112;0.6221;0.1748;1.029;0.184;-3.464;0.135;1.038;18.514067;0.003093;19.594023;0.034998;17.53615;0.009198;2.057873;;;1.304;772.548;31.122;123.875;0.9;0.7953204537514326;0.013085128616237878;0.32047286956111476;0.2438889503523634
327;0.0938;-0.028;-0.0194;20;62.73585651564;0.0832;49.59993762021;0.0495;247329303815646592;0.6577;0.0953;1.344;0.106;-3.626;0.081;0.937;17.661415;0.002914;18.510628;0.017075;16.788918;0.006438;1.72171;;;1.272;1145.989;64.451;187.119;0.99;0.9456283479871863;0.0019769186921691963;0.0;0.03825294561153109
328;0.122;-0.0305;-0.0709;19;62.70361827691;0.1057;49.63543304214;0.0633;247330334607791616;0.5823;0.1279;1.514;0.13;-3.631;0.103;0.998;18.058456;0.002986;18.942732;0.020196;17.142677;0.006464;1.800055;;;1.3;944.314;54.281;186.195;0.97;0.8791808521469364;0.0021948976987454074;0.0;0.046032444159900196
329;0.3767;0.2327;-0.0298;19;62.19221370425;0.0374;49.5770970578;0.0245;247356035692501376;0.784;0.0472;1.35;0.054;-3.58;0.043;1.005;16.005117;0.002777;16.655729;0.003972;15.214107;0.003117;1.441623;;;1.271;3154.482;384.129;781.98;0.99;1.3170832684103535;0.001419886348360771;0.0;0.0
330;0.0531;0.2937;-0.0672;18;62.3547283597;0.0789;49.32660116845;0.044;247302159621907840;0.729;0.0957;1.393;0.099;-3.652;0.07;0.992;17.382311;0.002892;18.235777;0.013569;16.498461;0.005085;1.737316;;;1.28;1234.246;81.762;255.434;0.99;0.9986930935259255;0.0029624813433503077;0.0;0.18355348118679632
331;0.1111;-0.0188;-0.028;20;62.55058327312;0.0444;49.6988005506;0.0243;247334148538750592;0.7846;0.054;1.303;0.054;-3.571;0.041;1.049;16.414572;0.002796;17.093737;0.00624;15.599825;0.003851;1.493912;;;1.279;2293.91;194.522;409.124;0.99;1.212466450511433;0.0015610298060949573;0.0;0.02704480551223062
332;0.1148;0.184;-0.1184;19;62.65201733866;0.0506;49.34150438682;0.0314;247288484445977216;0.7461;0.0625;1.375;0.066;-3.666;0.051;1.02;16.826515;0.002804;17.703447;0.007366;15.902048;0.003847;1.801399;;;1.31;2080.109;159.271;409.965;1.0;1.0039485150586553;0.023128852275398466;0.9142125471333923;0.034605221733336584
333;0.2386;0.091;-0.1899;18;62.16283294548;0.0446;49.5036034383;0.0293;247348991946153600;0.72;0.0585;1.326;0.061;-3.678;0.053;0.971;16.535404;0.002793;17.306267;0.005631;15.667783;0.003623;1.638484;;;1.293;2365.886;221.98;469.833;1.0;1.1480311151748757;0.013062164922613716;0.7579144964617331;0.05993588304215054
334;0.2761;0.0988;-0.2333;19;62.19230307997;0.0657;49.59537043387;0.043;247356138771713408;0.7389;0.0852;1.3;0.095;-3.478;0.077;1.049;17.335897;0.002854;18.177538;0.013213;16.448557;0.005285;1.728981;;;1.287;1459.595;84.07;241.872;0.97;1.0083282479924047;0.00357323310579253;0.0;0.19217579447922814
335;0.1241;0.2319;-0.1546;18;62.55998695868;0.1339;49.31008578076;0.083;247288205265913088;0.5157;0.1734;1.372;0.177;-3.688;0.138;1.019;18.518351;0.003073;19.609653;0.039287;17.551056;0.012235;2.058598;;;1.291;798.14;27.706;91.141;0.97;0.7967445684157342;0.010826556835528117;0.27668514236845254;0.24454134593966684
336;0.1474;0.0266;-0.047;20;62.71511895154;0.0214;49.64518835995;0.0125;247330334607787008;0.7367;0.025;1.355;0.026;-3.512;0.021;1.017;14.781872;0.002765;15.289814;0.003072;14.103061;0.002895;1.186753;;;1.241;4662.67;844.659;1407.081;0.99;1.7397049839841228;0.010990083218245555;0.840399144144898;0.15608973032518245
337;0.1795;-0.0437;0.0382;19;62.77938881136;0.0673;49.57550486061;0.0435;247317243547483008;0.7558;0.0789;1.429;0.083;-3.737;0.069;0.988;17.312569;0.002867;18.097391;0.011498;16.472464;0.005618;1.624928;;;1.265;1370.65;97.34;222.683;0.99;1.0144542134897483;0.002219867632535489;0.0;0.03106625526099639
338;0.1559;-0.0157;0.0012;20;62.72750385219;0.021;49.63716711105;0.0122;247329613053282432;0.7209;0.0243;1.341;0.025;-3.749;0.02;0.974;14.76932;0.002764;15.221011;0.003091;14.141106;0.002886;1.079906;;;1.229;5064.324;815.727;1474.239;1.0;1.773152627764332;0.0016575314162863444;0.0;0.0
339;0.1514;0.2415;-0.1348;19;62.67278358889;0.0587;49.33530947942;0.0363;247288450086237056;0.7217;0.0749;1.076;0.081;-3.66;0.062;0.98;17.100792;0.002832;18.036743;0.011691;16.160934;0.004155;1.875809;;;1.307;1662.871;95.63;352.661;0.98;0.9508633925196809;0.02323269143531145;0.8656699418632589;0.03341453723136292
340;0.0211;0.0505;-0.094;19;62.70984526405;0.1797;49.65840012182;0.1021;247330403321768448;0.5487;0.2136;1.651;0.221;-3.944;0.167;0.983;18.828291;0.003249;19.861023;0.040732;17.818237;0.015184;2.042786;;;1.347;630.484;26.718;72.742;0.82;0.7615375883690306;0.004123070194931206;0.0;0.1500724001031678
341;0.19;0.1846;-0.0495;19;62.57795719444;0.0217;49.30041192551;0.0131;247288140848624640;0.7475;0.0271;1.363;0.027;-3.713;0.022;0.999;14.945161;0.002763;15.513494;0.00303;14.216435;0.00291;1.297059;;;1.253;5286.906;919.867;1316.166;1.0;1.6220129015479368;0.011890527741681877;1.0437293693971914;0.0420424660110721
342;0.1079;0.0099;0.0076;20;62.57311806932;0.0372;49.71678988304;0.0203;247334492136124160;0.7102;0.0445;1.17;0.045;-3.584;0.033;1.058;16.03079;0.00278;16.661423;0.004297;15.255943;0.003287;1.405479;;;1.265;2958.29;332.292;624.593;0.99;1.3110642760297582;0.0015726717901980687;0.0;0.0
343;0.2879;-0.0948;-0.1299;20;62.42048931509;0.0343;49.72438594048;0.021;247358818831248128;0.6848;0.0411;1.384;0.047;-3.762;0.036;1.017;15.999056;0.002774;16.670395;0.003739;15.195605;0.003086;1.47479;;;1.273;3346.156;436.11;823.547;1.0;1.3177649486455625;0.0015382050796127543;0.0;0.10578530781778296
344;0.1325;0.1929;-0.1291;19;62.68612781309;0.0873;49.33282354631;0.0551;247287694171990784;0.6812;0.1115;0.993;0.115;-3.565;0.091;1.019;17.813139;0.002919;18.898369;0.022872;16.813673;0.006588;2.084696;;;1.324;1126.643;47.827;181.939;0.9;0.8360122738793385;0.021412538030478045;0.7530131544836841;0.03442455267074167
345;0.1277;0.0079;-0.0476;20;62.80737476107;0.0741;49.56067609766;0.0456;247318652296756992;0.5621;0.0851;1.261;0.092;-3.393;0.076;0.981;17.383343;0.002859;18.238956;0.010113;16.463619;0.005018;1.775337;;;1.312;1424.644;111.693;260.338;0.8;0.99197470840747;0.009903217470002348;0.430761479457945;0.25419702270263467
346;0.0558;0.2794;0.1397;17;62.38002884317;0.0638;49.28874105562;0.0394;247290133713489408;0.8066;0.0788;1.408;0.081;-3.699;0.064;0.987;16.865137;0.002832;17.658392;0.007792;16.000227;0.003774;1.658165;;;1.283;1660.374;149.229;427.299;0.99;1.0993470527404339;0.0059146790860991096;0.38024812095839944;0.2816350523615769
347;0.272;0.0986;-0.2864;18;62.14368934949;0.1799;49.58070327049;0.1214;247350430752535168;0.7256;0.2448;1.497;0.249;-3.855;0.223;1.0;18.894859;0.003214;19.903584;0.047616;17.902332;0.012326;2.001251;;;1.336;656.178;22.841;90.436;0.94;0.7535637409340478;0.0025896715238465776;0.0;0.08677426514963858
348;0.1331;0.0136;-0.001;20;62.75726988833;0.0627;49.64227428968;0.0364;247331021802548224;0.6808;0.0722;1.47;0.077;-3.618;0.06;1.021;17.098736;0.002827;17.84936;0.012458;16.246843;0.004482;1.602516;;;1.286;1718.422;89.424;309.516;0.99;1.0594272555373296;0.0018769613384287114;0.0;0.0
349;0.0023;0.1968;-0.1016;19;62.16931161325;0.0661;49.39569936584;0.0351;247300475994730240;0.7271;0.0778;1.385;0.084;-3.591;0.059;1.026;17.100464;0.002824;17.915146;0.00822;16.21698;0.00442;1.698166;;;1.292;1756.832;140.417;316.718;0.99;1.0537773592784554;0.005261606932900902;0.23422816391936863;0.26963368176235963
350;0.3594;-0.1333;-0.2853;19;62.18367327572;0.1024;49.63458957875;0.0708;247359471666326144;0.632;0.1353;1.241;0.143;-3.562;0.127;1.001;18.128565;0.002924;19.042992;0.020122;17.193335;0.007069;1.849657;;;1.308;1110.359;54.485;167.162;0.98;0.8677831709954037;0.002365318757385825;0.0;0.0931099236049547
351;0.0753;0.2772;-0.0008;18;62.44392066444;0.0244;49.27928102698;0.0137;247289412158976768;0.706;0.0294;1.36;0.031;-3.679;0.022;0.997;14.923341;0.002764;15.445662;0.003041;14.231445;0.002915;1.214217;;;1.244;5100.875;896.947;1287.744;1.0;1.6896151444655163;0.007719586810842592;0.41181715811776554;0.3712849265577633
352;0.1416;0.1818;-0.1;19;62.61860082245;0.0215;49.2967814788;0.0134;247288003409664896;0.7668;0.027;1.33;0.028;-3.801;0.022;1.0;15.048861;0.002764;15.777902;0.003191;14.206179;0.003022;1.571723;;;1.285;4896.365;700.878;935.306;0.99;1.3995998841422825;0.01890764751534148;1.341535599391866;0.0215745141085132
353;0.1696;0.0922;-0.0928;20;62.77013792538;0.052;49.37985928131;0.0357;247311436751738624;0.7425;0.0654;1.401;0.068;-3.698;0.057;1.027;16.986544;0.002827;18.005232;0.009285;15.995778;0.004263;2.009454;;;1.332;1722.093;122.598;336.867;1.0;0.9629077316684751;0.021760544741619127;0.8908007261580735;0.029518057831724363
354;0.0704;0.2899;-0.0145;18;62.3644520721;0.06;49.28782261797;0.0343;247290133713492992;0.7509;0.0705;1.364;0.075;-3.505;0.056;0.963;16.812143;0.002809;17.588558;0.008201;15.954688;0.003892;1.63387;;;1.282;1984.411;140.781;400.228;0.99;1.1150407756864005;0.003623805709753148;0.0;0.2448370725065724
355;0.156;0.1015;-0.0771;20;62.76783728946;0.0621;49.37379325203;0.0424;247311368032262400;0.7132;0.0775;1.38;0.081;-3.695;0.067;1.045;17.257318;0.002847;18.23634;0.01199;16.134329;0.005958;2.102011;;;1.478;1517.362;93.112;206.25;1.0;0.9269703161445481;0.019716090895738135;0.8542052340167021;0.028024026067816024
356;0.2101;-0.0445;0.0492;20;62.83741257572;0.0602;49.52592930349;0.0388;247317552785135872;0.6744;0.0697;1.447;0.076;-3.751;0.063;0.986;17.128036;0.002848;17.882524;0.008022;16.278934;0.004077;1.60359;;;1.282;1503.0;144.353;365.251;0.99;1.0531036477869833;0.0018919992299894332;0.0;0.03518598102306196
357;0.0574;0.2098;-0.1748;18;62.19166146667;0.0947;49.35870448667;0.0515;247300128095191168;0.5755;0.1156;1.04;0.119;-3.811;0.088;0.99;17.688885;0.002918;18.542946;0.013759;16.769684;0.00564;1.773262;;;1.312;1130.392;80.586;221.507;0.95;0.9426369815987151;0.0019354300638710711;0.0;0.09457175239222505
358;0.1953;0.0896;-0.0958;20;62.77622466589;0.011;49.37093488687;0.0074;247311368032262272;0.6956;0.0141;1.287;0.015;-3.66;0.012;0.962;13.293401;0.002759;13.908868;0.002848;12.524633;0.002833;1.384234;;;1.266;7810.847;1904.545;2216.945;1.0;2.5675026002037806;0.026038890157140268;1.6557689217575093;0.05370815236307077
359;0.0988;0.1756;-0.1394;19;62.73580001554;0.0539;49.33921977406;0.0338;247311230593311360;0.5804;0.0673;1.276;0.071;-3.8;0.056;1.015;16.963661;0.002825;17.875113;0.007785;16.025843;0.003946;1.84927;;;1.312;1742.521;149.385;389.049;0.98;0.9755954079402663;0.023400442832882062;0.8911085980402467;0.032884887433585266
360;0.1734;-0.0013;-0.028;20;62.81548310155;0.0659;49.41707257652;0.0441;247311883428331648;0.6404;0.0794;1.193;0.084;-3.756;0.069;0.953;17.386883;0.002869;18.300173;0.00926;16.411892;0.004512;1.888281;;;1.346;1359.883;122.969;306.158;0.99;0.9242939304889581;0.025496951334495446;0.7893708293277286;0.04562489469792267
361;0.1101;-0.1055;-0.1072;18;62.54234420152;0.2014;49.74448824347;0.0947;247381457596610688;0.5952;0.2426;1.198;0.226;-4.154;0.154;1.019;18.796801;0.003214;19.775934;0.035963;17.820486;0.01177;1.955448;;;1.329;656.532;30.282;94.954;0.57;0.7663152081143134;0.003346730546207786;0.0;0.09663694170958768
362;0.0373;0.2749;-0.0316;18;62.28159465451;0.0723;49.30046249473;0.0394;247296215387191936;0.8254;0.0858;1.469;0.091;-3.651;0.064;1.028;17.161093;0.002841;17.940454;0.008983;16.294893;0.004412;1.645561;;;1.289;1564.679;127.148;317.65;0.99;1.0454027732066142;0.0017303341733758179;0.0;0.06856714569315624
363;0.2937;-0.12;-0.1479;18;62.33174790487;0.0906;49.73225214322;0.0556;247361670689539200;0.7595;0.1044;1.297;0.126;-3.853;0.093;1.032;17.713154;0.002886;18.546982;0.014388;16.724657;0.007764;1.822325;;;1.383;1266.25;76.922;149.848;0.99;0.9400057361502541;0.007061498744014034;0.2015934292911471;0.25599962611431487
364;0.0615;0.2631;-0.0699;17;62.29853522752;0.0214;49.2920050296;0.0114;247296146667715712;0.8013;0.0253;1.311;0.026;-3.79;0.019;1.002;14.539391;0.002763;15.44085;0.003022;13.60248;0.002824;1.83837;;;1.314;5188.663;934.66;2507.906;0.97;1.5418553883044308;0.014569189288372586;1.4999645179109138;0.015695605742544357
365;0.0541;0.3217;-0.0554;18;62.42847941328;0.1052;49.2648947655;0.0566;247289171640816896;0.7142;0.1244;1.509;0.132;-3.337;0.091;0.987;17.818239;0.002909;18.719805;0.01151;16.889597;0.005883;1.830208;;;1.306;1165.29;97.226;209.651;0.69;0.9174227635201769;0.004273133917738283;0.0;0.20673404209610205
366;0.0526;0.309;-0.1393;19;62.59614507308;0.0836;49.27569185535;0.047;247287144416220800;0.6759;0.0967;1.455;0.114;-3.732;0.078;0.997;17.577442;0.002864;18.537775;0.013437;16.62303;0.006999;1.914745;;;1.313;1390.849;82.605;169.135;0.99;0.8947089945247491;0.025764243560161278;0.7493635854669394;0.049751763539210854
367;0.0814;0.2268;-0.1004;18;62.5154914653;0.0135;49.26061419979;0.0075;247286525940949632;0.7301;0.0165;1.318;0.018;-3.671;0.013;0.947;13.357177;0.002758;13.835793;0.00285;12.701053;0.002808;1.13474;;;1.237;8510.508;1865.696;3470.535;1.0;2.520016103126332;0.025376134816283584;1.6547282075875673;0.05203771686659588
368;0.2503;0.1091;-0.2516;18;62.10317469539;0.0925;49.5742779088;0.0624;247350362033043584;0.4896;0.1244;1.008;0.131;-3.656;0.112;0.998;17.901598;0.0029;18.744156;0.022522;16.994364;0.006702;1.749792;;;1.305;1198.528;48.581;178.169;0.9;0.9072305811610942;0.0020857962207119106;0.0;0.029906635009080976
369;0.0923;-0.0979;-0.0322;19;62.54258921772;0.103;49.75516578083;0.0512;247381530618784384;0.6742;0.122;1.184;0.12;-3.797;0.084;1.071;17.775669;0.00295;18.54866;0.014955;16.928188;0.005335;1.620472;;;1.275;1030.915;73.898;238.748;0.99;0.9294372217414114;0.003033863182667913;0.0;0.0
370;0.0405;0.1913;-0.1479;18;62.21416965361;0.0707;49.31888355978;0.0374;247296902581962880;0.7377;0.0841;1.201;0.087;-3.699;0.064;1.0;17.14621;0.002859;17.921663;0.009994;16.274921;0.006217;1.646742;;;1.294;1422.678;113.142;195.441;0.99;1.0491105001945011;0.0017019688546846962;0.0;0.05031298291832301
371;0.2704;0.0831;-0.2605;18;62.08357134761;0.1823;49.50498700212;0.124;247349571761088640;0.7457;0.2505;0.991;0.248;-3.865;0.225;1.031;18.948503;0.003269;19.951452;0.038958;17.947361;0.011627;2.004091;;;1.346;617.339;27.941;96.195;0.92;0.7483270957289175;0.0022268661393377307;0.0;0.030201608258340222
372;0.106;0.2134;-0.1985;17;62.70626439454;0.1672;49.30075209991;0.1027;247287414993140480;0.6972;0.2109;1.463;0.211;-3.78;0.171;0.995;18.804585;0.003304;19.840054;0.045657;17.72043;0.014236;2.119623;;;1.422;595.573;23.825;77.776;0.97;0.7623914517098395;0.008298923446261049;0.2687601071416875;0.23001924794777873
373;0.1366;-0.0644;0.0094;20;62.86866423838;0.0563;49.52436704072;0.0358;247314632207370752;0.8076;0.0631;1.306;0.071;-3.661;0.058;0.97;17.015984;0.002834;17.755642;0.006937;16.18354;0.003952;1.572102;;;1.273;1632.103;170.959;388.026;0.99;1.0757174247043073;0.002171869934181199;0.0;0.03635740740536556
374;0.2423;0.0698;-0.2517;18;62.74737263848;0.0432;49.31858887509;0.0287;247287488013554176;0.6569;0.0547;1.293;0.056;-3.635;0.049;1.007;16.415821;0.002791;17.229364;0.005558;15.523941;0.003584;1.705423;;;1.3;2439.112;225.847;482.664;1.0;1.0879010179088777;0.024023862452615487;0.9884227647313852;0.0369509843687672
375;0.2051;0.0228;-0.0549;20;62.18609768452;0.0291;49.69043071317;0.0197;247359849623431552;0.6672;0.037;1.337;0.041;-3.772;0.035;1.016;15.864472;0.002771;16.525084;0.00377;15.066466;0.003033;1.458617;;;1.272;3746.921;428.138;913.593;1.0;1.3554088370496888;0.0025299649648766105;0.0;0.21083724907978918
376;0.0401;0.2554;-0.0054;18;62.32337206886;0.0431;49.26263855301;0.023;247284223838510464;0.6107;0.0497;1.5;0.053;-3.517;0.037;1.822;14.939649;0.00277;15.543342;0.003121;14.168396;0.002919;1.374946;;;1.272;3804.384;776.094;1265.975;0.8;1.5275217542101975;0.02563162295348803;1.2644411651611918;0.03973337660302196
377;0.0417;0.2799;-0.0764;18;62.46480319691;0.0243;49.23991005366;0.0136;247286113624106240;0.7078;0.03;1.383;0.032;-3.66;0.022;1.003;14.996731;0.002764;15.515718;0.003129;14.30698;0.002945;1.208738;;;1.244;5064.074;766.833;1154.022;1.0;1.663839006029676;0.001407373830810084;0.0;0.042389657353044896
378;0.0493;0.3588;-0.1104;18;62.36794332366;0.1168;49.24692254935;0.0635;247283433566118016;0.7979;0.1436;1.021;0.15;-3.728;0.099;1.0;17.982559;0.002936;18.897532;0.020766;17.046492;0.007048;1.85104;;;1.309;1071.402;52.764;167.751;0.94;0.8904324242898174;0.0030677149584964407;0.0;0.15278811067488096
379;0.0776;-0.1534;0.0123;19;62.66794229411;0.0267;49.74643256761;0.0145;247334767014007680;0.7338;0.0318;1.357;0.033;-3.68;0.024;0.953;15.15627;0.002764;15.686549;0.003299;14.457331;0.003098;1.229218;;;1.246;4839.879;617.063;807.049;1.0;1.598779343087275;0.0013793595444739244;0.0;0.0
380;0.0407;0.2585;-0.0743;17;62.24603031189;0.2121;49.2812091948;0.1128;247295803071931648;0.5697;0.2645;1.068;0.254;-3.727;0.173;0.981;18.941486;0.0033;20.036427;0.052696;17.950588;0.016369;2.085838;;;1.313;598.121;20.633;67.313;0.95;0.7471816256240466;0.0014964384652994588;0.0;0.0
381;0.2599;-0.0882;-0.0551;20;62.87229987165;0.0198;49.41497887747;0.0147;247311745989419776;0.7571;0.0257;1.125;0.026;-3.725;0.023;1.45;11.257681;0.002792;12.446258;0.002891;10.192472;0.002859;2.253786;-14.61;0.24;1.365;2399.791;1437.989;1742.038;0.99;3.9298856251379397;0.00830089854727942;1.6364326965672322;0.18715927627707796
382;0.1822;0.1607;-0.2701;18;62.06158182069;0.1304;49.45151520072;0.0808;247348609686160896;0.5057;0.1691;1.503;0.177;-3.721;0.147;0.948;18.261972;0.003004;19.209019;0.026966;17.30295;0.010624;1.906069;;;1.321;906.608;40.481;105.916;0.93;0.8456469676992413;0.0029648063004169283;0.0;0.1425977323136352
383;0.1618;-0.0125;-0.0903;19;62.87890089996;0.1628;49.42650733941;0.1116;247311741687914496;0.6442;0.2083;1.28;0.212;-3.719;0.179;1.01;18.928242;0.003317;20.120352;0.059838;17.869843;0.015016;2.250509;;;1.358;587.798;18.164;73.586;0.98;0.7497016585215551;0.002666501529600124;0.0;0.1338623615050969
384;0.1749;-0.0194;-0.0164;20;62.89343909414;0.0284;49.46274581658;0.0195;247313532695756800;0.71;0.0339;1.326;0.037;-3.778;0.031;1.093;15.648356;0.002771;16.369177;0.004057;14.806737;0.003003;1.56244;;;1.287;3714.764;368.716;977.274;1.0;1.2572638562879728;0.027382996309927965;1.1653042976043952;0.03704078133634331
385;0.1475;0.1644;-0.1508;19;62.72563143223;0.0451;49.28391898202;0.0274;246536830807753984;0.7328;0.0578;1.261;0.06;-3.764;0.046;0.944;16.57535;0.002803;17.454653;0.006969;15.650367;0.003748;1.804286;;;1.309;2107.868;170.024;433.914;1.0;1.045975148292862;0.021281251325947603;0.9681385998165054;0.030860400372155396
386;0.1095;0.1514;-0.1837;18;62.76945411149;0.1758;49.30702250529;0.109;246560332868782848;0.5696;0.2229;1.216;0.227;-3.944;0.18;0.959;18.928928;0.003301;19.991537;0.045986;17.935501;0.014242;2.056036;;;1.323;597.344;23.654;77.741;0.93;0.7487387799250108;0.00199871042165339;0.0;0.020329494102936566
387;0.2397;-0.0163;0.0102;20;62.18439744164;0.0111;49.71140945662;0.0071;247360983490723968;0.6862;0.014;1.334;0.015;-3.455;0.013;0.974;10.49953;0.00276;11.533695;0.002822;9.49899;0.002796;2.034705;-12.91;0.34;1.338;6662.285;2582.14;6130.159;0.98;4.082148324519171;0.01526895204126029;0.9309194864023026;1.2698254856241329
388;0.279;-0.0471;-0.0782;20;62.39820358243;0.0238;49.78139021281;0.0143;247362220445336192;0.7628;0.0278;1.263;0.032;-3.729;0.024;0.984;15.165133;0.002765;15.707467;0.003341;14.456165;0.002901;1.251302;;;1.249;4612.256;591.086;1365.604;1.0;1.5947347271807624;0.0011536700972307262;0.0;0.0
389;0.1822;0.0641;-0.162;19;62.8260414814;0.1195;49.34541044124;0.0814;246560504662125696;0.6243;0.1595;1.094;0.157;-3.589;0.135;1.03;18.45941;0.003057;19.584797;0.096073;17.278162;0.030255;2.306635;;;1.507;819.758;11.306;36.04;0.97;0.7672268542791378;0.01429778975819913;0.6616517847617723;0.02865361346228034
390;0.1462;0.2205;-0.0441;18;62.07317150445;0.0512;49.61705511879;0.0353;247353664870555520;0.6598;0.0688;1.386;0.075;-3.931;0.062;0.961;16.825466;0.002814;17.58728;0.00602;15.956257;0.004342;1.631023;;;1.297;1891.955;203.519;326.417;0.95;1.1143837540186667;0.0030344582609216834;0.0;0.21923752860552434
391;0.0113;0.2771;-0.0401;17;62.10404088448;0.0777;49.35164704943;0.0425;247298826727317760;0.661;0.0939;1.353;0.105;-3.684;0.072;0.997;17.325787;0.002861;18.058393;0.007415;16.486601;0.004491;1.571793;;;1.281;1406.103;158.037;308.558;0.99;1.0156781702161637;0.0028015536914868435;0.0;0.03106625526099639
392;0.239;-0.1761;-0.0823;19;62.52450649198;0.0797;49.79233234142;0.0444;247382595770918656;0.7531;0.0957;1.263;0.108;-3.633;0.075;0.949;17.463081;0.002866;18.198048;0.013811;16.630096;0.00539;1.567951;;;1.275;1377.115;80.27;235.432;0.99;0.9890352180650963;0.002742669603945984;0.0;0.0
393;0.1109;0.1268;-0.1184;15;62.01643058473;0.0879;49.47546351822;0.0601;247348029874312064;0.7982;0.1093;1.364;0.123;-3.512;0.11;1.292;17.103949;0.00293;17.611782;0.040124;15.895064;0.046107;1.716718;;;1.736;1090.586;27.125;23.592;0.98;1.0924884138288866;0.010141041801624817;0.2669576968266856;0.30596756173201345
394;0.2689;-0.1496;-0.1422;19;62.51848935025;0.0427;49.80698318276;0.0249;247382664490169472;0.7268;0.0518;1.246;0.065;-3.643;0.045;1.014;16.2733;0.002799;16.88497;0.005075;15.511807;0.003695;1.373162;;;1.262;2212.467;256.103;448.251;1.0;1.250209387701767;0.0029409816490454724;0.0;0.0
395;0.0265;-0.1064;-0.0367;20;62.59482710811;0.1113;49.80025727717;0.0567;247382080374589952;0.8208;0.1333;1.326;0.142;-3.612;0.096;0.984;17.996044;0.002934;18.851467;0.026075;17.106148;0.008317;1.745319;;;1.285;1077.098;41.88;138.572;0.99;0.8900610775067235;0.0026366477572935254;0.0;0.03585760144047951
396;0.1383;0.2681;-0.0476;17;62.02290256987;0.0778;49.43032078294;0.0458;247347102160567296;0.5214;0.0925;1.211;0.103;-3.67;0.079;0.984;17.26754;0.002863;18.047421;0.007753;16.404224;0.004392;1.643196;;;1.286;1397.472;150.104;320.123;0.97;1.0248518626019836;0.0020344966221794497;0.0;0.05355378183732272
397;0.2149;-0.1231;-0.0398;20;62.16180024589;0.0137;49.73324996631;0.0087;247360880415572352;0.6973;0.0176;1.393;0.018;-3.754;0.015;0.977;14.010116;0.002759;14.435419;0.002852;13.405927;0.002818;1.029492;;;1.224;7618.263;1842.629;2754.761;1.0;2.199308326609507;0.018225163940482493;0.9791260939461469;0.22248738377877067
398;0.2423;-0.0981;-0.0491;20;62.91580770606;0.0655;49.4025858662;0.0473;246562458874116736;0.6736;0.0825;1.375;0.089;-3.77;0.076;1.007;17.485514;0.002882;18.436884;0.013956;16.547028;0.005087;1.889856;;;1.301;1282.581;79.401;255.237;0.99;0.9145846495632941;0.025854783143404742;0.7505040162294523;0.051413206125585205
399;-0.0836;0.2441;-0.1774;16;62.08683784585;0.2092;49.33281570627;0.1163;247298719345878784;0.7391;0.269;1.443;0.256;-3.829;0.196;0.912;18.977724;0.003262;19.926889;0.041307;18.062366;0.01406;1.864523;;;1.281;621.777;26.345;78.792;0.95;0.747703178992587;0.0021705132728124625;0.0;0.01898680669343416
400;0.2496;-0.0147;-0.1442;20;62.11708579755;0.0702;49.71660666828;0.0471;247360811696106368;0.6196;0.0921;1.378;0.096;-3.606;0.082;0.96;17.558563;0.002857;18.407999;0.012892;16.669258;0.005196;1.738741;;;1.287;1436.724;86.26;247.689;0.99;0.9660356694793344;0.0019264313567103676;0.0;0.0718530280526278
401;0.1026;0.2474;-0.2369;16;62.03208669004;0.1772;49.37994077599;0.1088;247299784497830784;0.5804;0.2351;1.686;0.235;-3.889;0.196;0.997;18.711464;0.003208;19.676275;0.033654;17.760811;0.010294;1.915464;;;1.309;660.998;32.373;109.578;0.76;0.7776302406038799;0.0031829442284469008;0.0;0.07619711096951123
402;0.1929;0.1543;-0.0987;19;62.00041843541;0.0356;49.5835852124;0.0228;247353871028999808;0.6142;0.0464;1.364;0.05;-3.695;0.04;1.032;16.162014;0.002781;16.82926;0.004902;15.360666;0.003454;1.468594;;;1.273;2886.925;269.402;533.064;0.99;1.2782138014665285;0.0011164286635630867;0.0;0.05369640662812383
403;0.0569;0.1151;-0.1402;18;61.9867673583;0.0694;49.4601155618;0.0422;247347995513762176;0.715;0.0873;1.404;0.101;-3.678;0.076;0.985;17.241327;0.002842;18.038731;0.011313;16.369556;0.005059;1.669174;;;1.287;1555.79;99.033;257.249;0.99;1.0293723431704915;0.0016638129343175903;0.0;0.057323593646039575
404;0.0867;0.2812;-0.099;17;61.98940785663;0.0352;49.41676897447;0.0201;247347067800832128;0.6963;0.0432;1.343;0.049;-3.712;0.036;0.929;15.811805;0.002772;16.429613;0.004168;15.045819;0.00314;1.383794;;;1.263;3628.815;350.605;754.004;1.0;1.3733807687300106;0.0015134465015607514;0.0;0.0
405;0.2053;-0.0831;-0.0479;20;62.57144363707;0.0341;49.83168074206;0.0205;247383008087521152;0.6786;0.0423;1.234;0.047;-3.71;0.036;0.952;16.012653;0.002777;16.631567;0.004463;15.246129;0.00329;1.385438;;;1.263;3146.394;311.676;623.0;1.0;1.3160965101798154;0.0018573956237002258;0.0;0.0
406;0.2685;-0.0431;-0.0357;20;62.12046224756;0.0282;49.75219975935;0.019;247372734525309056;0.7013;0.0356;1.402;0.037;-3.694;0.032;1.005;15.777357;0.002771;16.431202;0.003608;14.976719;0.002954;1.454483;;;1.277;3740.003;474.503;1118.361;1.0;1.378849743973798;0.006031261880550526;0.30513314551394144;0.3297383178650547
407;0.1652;0.1074;-0.0586;19;62.02439134013;0.0563;49.6762158678;0.0388;247366515412573568;0.7491;0.0707;1.602;0.076;-3.896;0.065;0.989;17.139702;0.002831;17.948215;0.011306;16.250755;0.004342;1.69746;;;1.299;1669.431;99.093;326.326;0.71;1.0483195563590404;0.004228867095955187;0.0;0.21320928429186042
408;0.3015;-0.1815;-0.1163;20;62.51658556306;0.0796;49.84384877762;0.0503;247383317325168128;0.6173;0.1009;1.274;0.115;-3.626;0.086;1.031;17.546562;0.002902;18.332985;0.016736;16.673496;0.00545;1.659489;;;1.292;1193.945;65.797;231.903;0.99;0.9720689869989472;0.002642914658001089;0.0;0.044937262750480086
409;0.3023;-0.1912;-0.1303;20;62.3940543399;0.0936;49.84232803859;0.0529;247363350015143040;0.7371;0.1102;0.907;0.132;-3.685;0.091;1.051;17.725372;0.002889;18.587004;0.012759;16.822805;0.006114;1.764198;;;1.295;1248.795;87.203;199.589;0.87;0.9353885415689017;0.001778254464644943;0.0;0.07831531110528397
410;0.1059;-0.0598;0.0046;20;62.820374869;0.0564;49.76524503122;0.034;247332774149161216;0.7085;0.0693;1.301;0.072;-3.632;0.055;0.967;16.937641;0.002822;17.660845;0.008123;16.116646;0.004944;1.544199;;;1.269;1773.957;142.331;265.987;1.0;1.092383351543929;0.0021616632041906204;0.0;0.025549473649638426
411;0.1486;0.1772;-0.115;19;62.53310602395;0.0714;49.43333147164;0.0435;247292745053511040;0.9272;0.0907;1.408;0.094;-3.65;0.073;1.03;17.387548;0.002842;18.269011;0.01098;16.461363;0.004908;1.807648;;;1.31;1558.692;102.237;268.898;0.94;0.9768737381974395;0.015186041770710196;0.6304372147665585;0.08514177280030759
412;0.1726;0.0508;-0.136;18;62.58231616292;0.1176;49.51054105371;0.0765;247305110257499136;0.3133;0.1489;1.344;0.153;-3.718;0.124;1.02;18.407858;0.00308;19.360312;0.035614;17.459034;0.01054;1.901278;;;1.31;788.159;30.58;106.821;0.76;0.8238917159409275;0.003098216811081502;0.0;0.0882222754740676
413;0.1921;-0.0414;-0.0456;19;62.55260916708;0.0865;49.56353728531;0.0561;247306415927659264;0.8327;0.1127;1.114;0.109;-3.701;0.09;1.025;17.902504;0.002945;18.825583;0.019311;16.977541;0.006311;1.848042;;;1.297;1045.343;56.821;191.788;0.98;0.902058911456071;0.004786436378043561;0.0;0.194936276674349
